242 245
489 493
274 276
184 312
403 405
5 13
267 271
90 94
283 284
205 213
440 444
475 478
31 39
89 217
361 367
96 100
89 92
458 462
202 207
306 308
112 117
434 437
319 327
130 258
19 23
323 326
176 181
441 445
296 302
298 303
75 76
105 110
267 269
465 468
422 430
192 198
33 36
224 228
128 256
360 364
289 293
226 229
291 294
106 109
501 509
379 380
0 128
90 92
213 221
200 205
406 414
410 415
25 30
310 318
248 254
314 317
10 14
502 510
52 60
192 196
17 20
50 55
269 277
10 13
492 500
330 332
137 142
458 461
151 159
378 506
152 158
51 179
57 63
171 172
320 448
208 336
192 197
139 141
131 134
146 151
372 380
171 175
458 460
26 31
497 503
464 471
398 406
352 359
297 302
275 278
451 452
241 369
251 255
24 152
187 188
72 76
219 347
177 181
442 445
447 455
9 12
347 350
17 145
111 119
377 383
250 253
425 429
283 287
393 399
384 388
272 278
233 361
137 143
96 224
266 394
225 228
215 223
498 500
266 268
120 126
376 383
464 469
66 194
345 351
326 334
360 488
274 277
75 203
105 111
32 39
112 118
19 21
394 399
290 293
337 343
328 334
321 449
323 451
35 36
130 132
113 119
223 231
48 54
21 29
18 21
387 391
427 431
346 474
355 483
7 15
487 495
218 220
265 393
227 228
467 470
433 439
210 212
72 200
347 349
409 415
483 484
216 344
163 291
497 500
171 173
81 85
1 5
427 429
187 315
97 101
120 127
450 455
323 327
275 279
312 316
314 442
441 444
354 356
181 189
150 158
288 295
16 20
138 141
109 117
320 326
479 487
488 493
336 343
10 138
8 14
232 237
104 232
35 38
219 221
251 252
74 78
257 262
91 219
368 375
235 236
80 208
279 287
470 478
467 471
264 271
274 402
315 318
104 109
283 411
466 468
217 221
90 93
45 53
274 278
48 176
376 381
435 437
435 438
331 459
505 508
409 412
74 79
267 270
336 340
369 374
357 365
203 205
329 334
188 196
411 415
155 157
330 333
239 247
234 362
506 511
297 303
442 447
298 426
0 6
57 185
273 278
201 206
363 365
113 118
24 28
25 29
408 414
235 363
83 87
392 396
362 490
64 71
169 172
171 174
490 495
140 148
426 429
138 142
179 181
410 412
0 4
20 28
361 365
431 439
179 183
408 412
145 150
207 215
411 414
176 304
424 428
363 367
395 397
224 229
459 461
41 169
472 476
94 102
122 124
457 462
282 284
256 260
272 279
97 100
144 151
123 251
273 276
26 29
10 15
56 61
408 415
232 236
352 356
453 461
72 77
25 28
208 213
0 5
289 417
324 332
285 293
98 100
162 167
397 405
194 199
77 85
209 214
121 125
286 294
288 416
346 351
426 431
444 452
331 332
498 502
147 150
27 30
297 301
155 283
272 277
384 391
249 255
274 279
114 242
283 286
174 182
331 334
59 187
263 271
49 54
393 397
361 489
500 508
51 54
203 204
298 301
225 229
259 262
320 325
117 125
504 510
226 231
322 326
59 63
201 204
344 351
136 141
88 216
337 465
42 45
97 225
217 223
145 149
259 261
345 349
420 428
168 172
347 351
98 226
129 135
242 370
163 164
100 108
371 373
248 252
169 173
370 373
329 333
400 404
203 206
79 87
9 14
112 240
162 164
418 421
119 127
241 247
267 268
65 70
273 279
313 441
456 460
33 38
441 446
11 15
488 495
44 52
169 174
284 292
122 125
66 69
221 229
390 398
232 238
35 37
236 244
23 31
153 281
65 69
314 319
307 308
198 206
134 142
439 447
2 4
264 392
321 324
3 4
193 196
376 382
146 274
322 450
460 468
91 94
210 213
235 237
289 294
40 47
450 454
184 189
417 420
234 236
83 211
316 324
68 76
154 159
67 71
433 438
430 438
265 268
64 69
407 415
426 428
505 511
483 485
394 398
496 500
145 273
499 502
256 261
107 235
64 70
352 357
304 432
481 484
280 284
481 485
224 352
456 463
421 429
231 239
449 455
33 39
237 245
157 165
404 412
40 168
185 188
118 126
350 358
195 197
75 78
240 244
186 314
336 464
371 374
162 290
234 237
395 399
243 245
36 44
250 254
225 353
429 437
233 238
339 467
370 498
130 134
248 376
369 497
57 62
375 383
385 390
338 343
249 254
141 149
465 470
304 311
138 266
247 255
104 110
3 7
51 55
121 127
473 479
211 212
146 150
72 78
282 286
81 84
137 265
148 156
474 479
56 62
258 262
104 111
291 295
360 367
378 383
313 319
90 218
366 374
162 165
297 425
26 28
176 180
104 108
281 284
325 333
108 116
469 477
65 71
34 39
168 174
133 141
193 321
260 268
347 475
25 31
160 167
83 84
259 260
418 423
428 436
458 463
354 357
362 364
195 323
474 476
135 143
386 389
172 180
425 430
419 421
177 305
64 192
216 223
265 271
245 253
282 287
346 349
75 77
377 381
507 509
218 222
353 358
80 87
291 293
299 300
196 204
182 190
27 155
258 260
137 140
315 316
473 476
488 492
299 427
92 100
321 327
262 270
241 246
400 405
354 482
403 407
392 399
365 373
82 85
8 136
288 294
194 196
384 389
464 470
200 204
19 20
139 142
440 447
345 473
388 396
201 207
290 294
17 21
113 117
81 87
224 230
494 502
480 487
368 372
161 164
505 509
457 463
129 133
280 408
449 453
58 62
257 261
503 511
226 354
98 101
129 132
115 118
334 342
89 95
369 373
493 501
32 36
214 222
73 76
283 285
3 5
489 492
368 496
99 103
147 148
200 206
136 143
476 484
9 13
129 257
34 36
160 288
83 85
144 148
343 351
178 183
163 165
67 70
387 388
299 301
339 340
62 70
88 92
482 484
209 213
385 389
185 313
280 285
168 296
435 439
88 93
193 199
0 7
432 436
80 85
320 327
56 184
234 239
67 68
482 486
291 419
387 389
322 327
369 375
144 272
131 135
162 166
63 71
22 30
40 45
149 157
465 471
399 407
183 191
65 193
37 45
312 317
250 255
88 94
153 157
434 439
197 205
48 52
25 153
317 325
432 437
33 161
159 167
211 339
377 505
499 503
424 431
145 151
491 494
258 263
132 140
78 86
219 223
120 248
156 164
393 398
49 55
130 135
281 409
496 501
330 458
373 381
414 422
379 382
463 471
2 5
168 175
348 356
153 159
87 95
82 86
333 341
10 12
97 102
195 198
1 129
139 140
73 201
395 398
452 460
99 101
327 335
3 6
71 79
250 252
59 62
379 383
75 79
18 20
55 63
113 116
342 350
486 494
178 181
232 360
209 215
395 396
179 307
208 214
328 333
204 212
264 268
161 165
256 384
177 180
34 38
369 372
307 311
464 468
433 436
91 95
416 422
394 397
2 6
85 93
436 444
154 158
123 127
240 368
455 463
448 453
147 275
358 366
331 333
367 375
443 445
496 503
273 277
163 166
370 372
418 420
122 127
76 84
232 239
304 309
293 301
206 214
242 247
315 317
270 278
58 61
24 31
121 126
97 103
401 404
233 237
41 45
74 77
42 44
490 493
435 436
235 238
301 309
191 199
385 388
411 412
58 186
353 356
154 282
229 237
233 236
473 478
242 244
424 429
114 117
69 77
121 249
426 430
84 92
86 94
49 177
401 405
314 316
360 366
289 295
98 102
392 397
226 230
305 311
386 390
336 342
227 229
474 477
424 430
313 317
219 222
246 254
312 440
51 52
328 335
154 157
122 126
34 37
107 110
419 423
266 271
93 101
485 493
123 126
335 343
211 213
419 420
275 276
304 310
311 319
328 332
123 124
427 430
201 329
145 148
200 207
306 309
138 140
305 433
178 182
504 508
256 262
368 373
417 423
166 174
216 222
230 238
114 118
349 357
467 469
337 342
462 470
34 162
49 52
377 380
139 267
378 382
106 234
32 37
248 255
161 167
89 94
82 210
297 300
506 510
443 444
67 195
19 22
451 453
371 372
73 77
360 365
74 202
338 342
351 359
152 156
202 206
192 199
114 119
504 511
449 452
267 395
294 302
454 462
362 365
361 364
50 54
35 39
330 334
268 276
96 101
394 396
288 293
504 509
445 453
98 103
16 23
393 396
359 367
15 23
128 133
299 302
243 246
170 175
54 62
185 190
376 380
243 371
164 172
17 23
168 173
18 23
185 189
193 197
296 303
491 493
201 205
461 469
496 502
211 214
411 413
280 286
425 428
128 134
107 108
193 198
250 378
18 22
184 188
442 444
329 335
138 143
355 356
410 414
277 285
48 53
96 102
218 346
11 139
2 7
227 355
432 439
507 508
74 76
61 69
449 454
434 436
218 223
203 207
121 124
219 220
299 303
315 319
495 503
41 47
72 79
241 245
91 92
167 175
161 289
425 431
112 119
225 231
57 60
153 158
402 405
290 292
49 53
276 284
30 38
29 37
344 350
337 340
402 404
165 173
177 182
227 230
251 379
187 191
27 31
403 406
240 247
81 209
363 366
337 341
434 438
240 246
417 422
385 391
244 252
12 20
355 357
257 260
209 337
186 189
194 197
40 44
296 301
65 68
56 60
433 437
281 287
339 341
106 111
82 84
200 328
241 244
226 228
295 303
290 295
498 503
468 476
129 134
176 182
146 149
371 499
144 150
332 340
344 349
210 214
251 254
176 183
50 53
450 453
187 189
472 477
355 358
402 406
59 61
106 110
32 38
378 381
298 300
490 494
194 322
1 4
153 156
478 486
91 93
160 164
152 157
391 399
1 6
136 264
115 117
446 454
459 462
475 476
339 343
11 14
2 130
238 246
258 261
186 190
147 151
243 244
331 335
73 78
466 470
249 252
450 452
211 215
19 147
131 133
265 270
306 311
212 220
3 131
362 367
256 263
249 377
90 95
185 191
456 461
483 486
474 478
329 332
142 150
352 358
273 401
107 111
456 462
323 324
266 270
27 29
389 397
477 485
409 414
194 198
128 132
216 220
179 180
47 55
152 159
466 469
499 500
306 310
123 125
8 12
169 297
491 492
210 338
379 381
443 446
17 22
498 501
275 277
480 485
353 359
169 175
220 228
467 468
265 269
378 380
202 330
170 173
384 390
139 143
120 125
408 413
497 501
9 15
178 306
330 335
249 253
24 29
64 68
505 510
362 366
489 495
227 231
155 159
482 487
48 55
58 63
178 180
307 435
136 140
60 68
329 457
305 308
345 348
101 109
481 486
18 146
416 423
137 141
161 166
371 375
480 484
423 431
88 95
128 135
56 63
322 324
264 270
386 388
339 342
497 502
488 494
321 325
403 404
321 326
26 30
96 103
11 13
16 144
413 421
163 167
275 403
287 295
306 434
305 310
291 292
50 178
264 269
416 420
208 212
131 132
257 385
242 246
368 374
302 310
59 60
120 124
155 156
448 455
33 37
296 300
346 350
187 190
27 28
392 398
234 238
179 182
80 86
353 481
102 110
57 61
396 404
107 109
370 375
24 30
233 239
281 286
4 12
506 509
175 183
482 485
186 188
322 325
341 349
217 220
401 406
112 116
115 116
248 253
266 269
11 12
115 243
160 166
352 480
51 53
361 366
387 390
99 227
130 133
122 250
80 84
386 391
147 149
417 421
259 387
170 174
50 52
257 263
442 446
222 230
459 463
189 197
66 68
466 471
312 319
9 137
105 233
473 477
144 149
475 479
338 340
282 410
8 13
356 364
490 492
70 78
184 191
480 486
491 495
440 446
271 279
180 188
292 300
13 21
313 316
427 428
307 309
336 341
258 386
26 154
131 259
217 345
146 148
354 358
116 124
338 466
224 231
472 478
195 199
318 326
195 196
448 454
114 116
340 348
415 423
289 292
228 236
374 382
160 165
278 286
282 285
53 61
416 421
304 308
281 285
405 413
432 438
419 422
192 320
315 443
216 221
32 160
202 204
89 93
8 15
83 86
288 292
347 348
272 400
489 494
440 445
35 163
95 103
344 472
400 406
308 316
303 311
143 151
251 253
184 190
81 86
354 359
99 102
235 239
323 325
437 445
370 374
506 508
113 241
475 477
410 413
209 212
313 318
400 407
203 331
99 100
259 263
296 424
115 119
177 183
465 469
155 158
507 511
105 109
158 166
67 69
443 447
39 47
16 22
471 479
379 507
82 87
363 364
320 324
472 479
448 452
73 79
171 299
457 460
353 357
218 221
314 318
210 215
346 348
376 504
441 447
499 501
6 14
481 487
58 60
457 461
344 348
199 207
173 181
305 309
66 70
300 308
152 280
16 21
190 198
290 418
409 413
377 382
363 491
412 420
338 341
186 191
105 108
42 47
401 407
1 7
208 215
103 111
451 454
402 407
312 318
240 245
170 298
272 276
217 222
110 118
106 108
345 350
438 446
483 487
66 71
451 455
154 156
41 44
355 359
170 172
225 230
484 492
243 247
309 317
202 205
298 302
307 310
28 36
418 422
328 456
364 372
261 269
42 170
507 510
459 460
280 287
136 142
