109 413
224 339
48 312
173 446
146 429
40 292
137 378
190 454
212 366
200 310
34 460
77 420
4 336
126 469
42 460
252 347
241 244
280 281
46 448
258 439
218 454
128 317
45 412
25 368
134 453
128 129
194 197
321 325
174 482
80 332
113 114
233 387
235 503
73 401
64 348
124 373
88 329
184 326
112 113
313 316
361 364
56 336
155 506
466 469
232 303
132 354
203 499
160 318
160 342
228 335
59 492
116 117
225 363
20 368
216 347
206 467
60 324
197 398
293 294
220 331
378 379
205 403
153 373
258 423
285 431
48 288
235 487
86 492
269 415
112 345
267 511
193 379
186 474
8 336
158 450
474 477
56 316
73 385
250 251
30 456
182 482
118 493
200 307
245 435
125 441
35 38
222 499
44 356
132 365
169 354
163 502
136 322
224 343
122 433
235 491
34 468
107 489
201 374
285 399
411 414
233 383
44 368
4 344
278 487
37 416
33 34
201 358
92 361
2 440
269 439
153 157
205 427
267 503
109 409
281 285
117 429
173 434
104 341
419 423
136 301
121 389
3 480
46 484
74 78
212 363
355 359
205 446
38 472
234 423
194 462
121 353
108 341
224 327
180 370
45 388
80 289
51 54
190 478
117 437
148 333
100 373
126 127
35 496
229 427
1 2
220 379
145 405
78 468
121 361
22 456
65 385
188 350
137 370
237 419
72 297
166 167
38 448
395 398
162 166
157 429
222 494
286 479
116 333
136 137
161 406
76 329
126 449
192 310
94 468
105 361
172 330
123 126
250 427
152 325
434 438
196 382
138 442
1 368
361 365
178 182
209 387
50 424
216 291
165 394
57 368
219 499
313 317
208 291
35 492
195 507
209 358
221 422
288 292
106 465
245 403
35 500
233 355
86 505
290 291
54 500
170 466
141 421
57 388
62 460
9 368
186 470
154 477
189 394
133 434
128 290
346 349
184 290
146 147
204 363
445 446
84 321
150 474
188 189
257 407
241 375
133 437
144 330
224 315
244 379
109 445
238 479
25 384
401 404
77 444
122 465
89 90
163 167
136 293
132 341
314 317
121 409
242 245
170 426
210 459
16 336
81 380
27 480
220 363
100 349
3 488
465 468
192 294
3 6
26 416
12 376
253 403
269 431
92 377
80 297
179 486
265 266
281 367
101 429
210 462
193 194
280 303
37 428
146 149
222 475
245 246
330 334
256 319
190 450
170 174
164 165
66 441
145 381
192 196
117 421
250 467
153 154
504 508
68 345
249 387
38 456
218 470
446 447
217 379
18 464
129 413
203 502
232 351
240 347
483 487
121 373
105 401
228 351
99 497
123 485
152 153
122 469
178 478
45 420
273 407
70 489
268 383
228 323
238 475
109 385
256 257
257 260
74 449
244 351
137 402
65 404
171 510
52 320
129 373
85 401
253 443
120 337
499 502
113 361
33 408
253 447
130 450
73 353
20 21
152 301
81 393
122 453
117 433
154 426
116 329
427 430
101 441
147 485
337 340
385 389
243 499
24 312
89 369
72 292
113 373
158 461
74 473
342 343
102 485
86 484
126 505
106 433
124 325
85 388
248 351
491 494
11 504
478 479
261 447
30 480
144 322
408 412
450 454
261 423
19 496
185 402
244 331
150 493
12 368
236 383
73 356
203 486
226 419
218 451
298 301
68 324
286 471
334 335
101 421
97 405
94 476
129 378
152 156
189 402
237 447
100 341
208 315
440 441
20 352
217 403
169 374
184 334
114 449
97 409
121 393
0 336
96 100
37 400
315 319
233 379
224 347
105 365
177 394
405 406
145 354
238 451
137 381
139 509
128 322
240 339
110 493
43 496
209 363
169 172
330 331
230 471
129 397
161 358
91 500
370 374
165 414
205 411
114 437
113 365
88 92
53 420
262 455
194 430
202 435
168 169
213 435
140 333
120 289
54 468
261 262
150 466
217 414
181 430
220 323
106 457
77 428
81 369
197 430
78 505
238 483
214 486
226 475
410 411
115 501
442 445
89 353
233 359
84 337
38 500
298 302
216 220
113 389
53 444
40 296
90 441
142 493
154 461
331 334
201 414
148 370
50 460
163 482
237 407
166 466
33 352
237 443
58 440
49 53
166 450
235 495
60 372
144 293
161 362
139 498
165 166
177 390
78 79
281 375
83 484
276 383
238 511
120 317
456 457
110 449
101 445
68 356
108 369
178 474
46 492
249 415
132 370
22 480
73 404
91 492
148 354
44 372
221 390
99 489
145 362
118 477
192 318
259 263
211 483
70 473
265 359
80 337
233 407
393 396
85 433
21 384
126 461
224 228
264 295
222 467
197 411
213 419
284 383
169 170
100 353
46 452
88 332
232 311
218 219
49 408
232 295
133 402
168 330
205 206
136 341
57 61
19 480
30 472
237 435
10 456
98 465
241 403
189 386
261 399
112 301
256 311
267 495
146 426
96 325
65 353
94 497
244 367
90 428
248 331
216 326
238 487
118 473
156 370
133 386
353 356
140 370
448 449
162 165
249 411
33 364
42 464
84 324
46 480
160 338
34 448
148 349
96 293
454 455
100 369
27 30
163 490
43 504
212 334
166 490
284 285
226 435
168 298
172 374
14 456
270 271
193 371
66 428
48 340
256 327
157 386
61 416
160 310
155 482
272 273
192 326
203 491
69 385
9 12
132 373
179 498
107 505
257 415
138 429
245 443
240 299
10 14
171 486
89 380
228 363
88 316
117 118
246 467
249 375
245 407
102 501
166 506
282 455
278 479
378 381
229 411
236 359
106 473
368 372
80 329
24 25
33 376
194 427
124 345
64 305
102 465
149 437
122 477
184 185
84 369
160 314
2 424
213 214
32 324
104 333
233 236
38 496
94 452
114 433
182 490
234 238
256 260
101 397
345 349
76 361
252 355
217 374
57 372
464 468
128 298
123 505
156 365
145 148
224 351
205 395
144 298
195 494
238 239
147 509
74 428
40 41
196 350
200 347
109 401
251 495
277 415
483 486
66 67
240 244
81 82
140 341
85 409
160 302
96 305
157 426
85 444
246 503
60 356
134 498
200 342
52 324
86 476
216 331
3 504
91 95
161 390
236 335
152 341
278 471
141 402
429 430
107 501
189 422
51 508
82 441
102 497
273 277
358 359
214 483
376 380
118 461
33 412
276 359
179 494
201 202
443 447
214 462
173 418
366 367
172 354
141 437
426 427
164 326
97 365
32 316
177 181
220 221
72 300
170 450
116 325
316 317
73 396
154 474
182 502
253 411
210 438
194 195
170 474
187 494
248 323
156 373
202 430
222 507
112 325
393 394
235 238
94 481
190 470
163 486
285 439
82 460
288 289
122 123
228 359
154 442
78 473
91 481
50 54
92 372
354 355
373 374
121 413
72 305
140 354
154 469
258 261
193 398
82 433
268 351
160 294
61 408
106 109
489 490
89 92
416 417
94 460
203 494
224 335
107 481
282 423
108 329
210 475
137 410
131 509
112 289
133 134
210 419
66 433
146 466
73 393
144 346
148 341
168 342
196 331
210 470
169 394
44 340
66 449
153 413
251 483
266 269
209 366
69 425
67 497
130 434
141 397
377 381
253 423
74 420
10 416
197 395
59 488
177 370
165 446
265 399
65 409
243 483
153 402
101 401
61 392
74 457
230 511
0 296
21 392
221 443
160 322
114 473
180 382
197 419
16 20
296 300
169 414
260 327
107 509
152 290
50 468
234 471
213 422
93 404
64 297
312 313
115 485
74 468
139 143
22 464
196 326
246 483
82 425
493 494
180 378
234 447
240 311
219 510
48 332
281 284
157 445
410 414
180 346
17 400
89 409
53 416
190 506
233 363
186 434
52 368
154 158
146 434
256 343
260 375
72 329
134 509
198 478
229 447
162 430
67 508
35 504
202 438
188 370
211 214
379 382
228 383
185 354
115 497
10 424
139 485
120 325
213 406
19 504
421 422
253 427
56 340
139 506
82 444
322 323
379 383
162 466
210 451
50 416
152 314
141 394
274 275
124 329
164 362
144 301
93 433
102 461
60 344
227 491
37 440
70 505
43 47
125 425
242 471
252 363
160 326
369 370
108 321
38 484
69 428
70 457
83 87
62 456
121 381
204 355
1 392
101 389
149 421
80 81
184 302
73 409
11 480
206 499
124 357
189 446
298 299
110 469
219 483
208 339
89 372
144 314
68 348
348 349
44 348
149 386
94 492
86 500
132 349
68 361
99 505
172 326
165 442
171 482
41 356
58 452
8 12
245 427
200 334
371 374
41 384
234 235
121 124
130 418
265 383
45 392
144 290
0 320
96 329
187 498
54 484
219 223
181 446
116 345
45 396
204 334
323 326
112 297
136 314
178 418
138 437
388 389
153 386
12 352
297 301
140 322
198 502
190 502
101 393
101 413
230 455
416 420
242 243
138 418
61 396
190 486
509 510
237 411
34 476
201 411
246 471
220 350
164 378
68 69
70 497
72 337
283 511
230 495
147 490
61 428
104 345
134 506
253 399
44 376
51 55
181 406
213 403
174 494
314 315
188 326
144 148
153 410
32 296
144 338
34 456
236 355
189 418
278 511
270 503
114 425
142 509
129 130
56 57
69 388
201 406
114 461
9 384
148 330
53 404
222 478
89 396
262 511
506 510
13 424
246 507
110 477
38 492
157 389
146 461
6 504
156 157
409 410
172 382
370 373
98 457
65 372
177 406
178 466
176 314
338 341
210 478
116 341
114 115
169 398
188 338
85 441
165 422
498 499
157 402
30 504
100 337
192 307
166 486
246 499
467 471
38 464
106 437
120 293
224 225
126 489
233 237
194 470
172 370
8 9
406 407
84 361
152 322
96 317
72 340
204 331
387 390
70 468
72 332
177 354
240 291
97 357
182 498
179 182
131 493
126 493
182 183
160 164
272 351
284 375
202 419
451 455
201 204
104 313
142 482
419 422
130 453
85 420
84 364
242 246
52 376
80 292
106 425
140 365
244 245
253 407
145 413
505 509
481 482
181 390
136 330
106 421
10 472
252 367
114 421
197 446
136 346
174 454
208 302
210 213
179 510
122 425
225 355
249 403
93 94
58 420
211 486
176 326
32 348
18 472
106 469
121 125
120 305
272 311
121 377
9 408
161 164
64 313
22 448
219 494
33 380
285 447
117 405
164 366
226 451
146 421
75 78
220 371
125 393
180 181
208 331
112 309
202 206
64 65
449 452
272 276
189 434
182 506
100 325
91 484
289 290
145 386
21 440
244 335
109 433
265 367
130 134
268 269
140 349
156 378
78 465
224 307
69 420
82 457
168 326
213 414
204 374
81 361
238 503
12 336
212 213
248 319
264 327
228 229
409 413
228 355
11 15
75 481
35 484
336 337
201 382
171 175
96 341
122 429
58 428
173 422
92 321
123 127
124 353
204 326
106 417
273 375
250 475
11 488
45 428
107 497
356 357
13 400
2 456
230 231
362 365
187 191
266 455
22 496
196 339
88 324
37 424
29 416
96 333
242 443
52 340
232 323
162 450
83 505
226 227
186 450
258 455
498 502
72 316
16 296
18 456
41 372
205 422
238 491
69 404
163 498
44 336
317 318
224 299
6 7
115 489
172 342
209 374
192 315
78 457
212 382
195 499
186 189
96 313
25 408
169 378
166 462
113 369
102 453
14 464
9 10
48 52
122 461
237 431
310 311
98 445
208 342
93 388
73 77
484 485
180 322
17 384
157 158
184 310
189 410
97 397
179 502
276 277
88 297
262 503
193 411
203 483
221 398
469 470
184 322
152 293
62 464
66 465
185 386
100 321
100 357
134 490
65 401
173 414
214 470
198 451
44 344
77 388
74 433
65 69
228 343
181 422
113 405
171 506
400 404
164 370
189 398
92 348
260 261
197 422
244 355
44 320
272 295
170 434
363 366
96 345
161 402
243 491
165 418
192 334
84 380
54 504
150 498
213 395
88 300
178 422
64 329
233 234
52 372
97 98
53 396
53 392
188 366
233 367
41 352
154 418
209 355
249 367
77 401
122 125
230 467
21 416
100 101
69 396
158 477
174 490
237 387
209 210
434 435
1 376
137 413
360 361
156 325
188 378
114 457
213 411
185 366
1 408
322 325
354 357
252 375
153 381
130 429
262 263
57 404
339 343
57 396
17 376
50 428
131 490
162 422
125 417
149 405
153 357
261 431
89 361
235 483
401 402
146 418
33 368
491 495
337 341
33 356
197 198
66 425
0 4
186 190
172 366
502 503
208 350
194 435
205 430
18 19
128 301
99 509
93 396
299 303
12 13
90 91
49 396
64 300
243 511
74 476
250 423
20 336
249 253
41 368
435 439
99 481
126 473
320 324
109 417
149 410
252 359
209 403
42 424
121 385
169 358
276 351
5 400
102 481
145 378
234 451
97 385
125 385
149 413
171 498
221 438
58 424
246 247
42 468
242 431
33 392
115 493
212 358
98 421
198 486
117 385
49 404
76 369
177 378
54 488
206 478
75 79
27 488
371 375
67 500
232 339
134 466
392 393
65 364
212 355
8 312
50 464
248 307
112 337
251 507
147 506
238 455
84 340
211 502
0 344
184 298
44 360
253 395
236 371
346 350
98 417
4 368
148 378
347 351
51 500
162 418
248 295
177 414
136 325
256 351
246 487
90 449
398 399
88 305
40 300
204 339
276 335
409 412
157 413
89 93
99 501
257 359
197 435
78 460
90 476
116 361
123 493
5 440
126 481
220 326
345 346
110 497
73 388
110 509
232 315
92 356
238 459
172 173
165 438
221 446
157 421
269 447
46 504
78 508
243 487
144 333
246 511
73 76
234 467
128 346
209 379
133 397
129 410
105 369
76 353
177 358
233 375
480 484
163 506
148 373
224 291
56 296
82 449
300 301
156 333
186 430
152 330
241 363
146 445
81 84
332 333
261 407
20 344
206 475
217 395
184 350
205 419
122 417
227 230
203 510
173 174
142 498
89 404
241 367
465 469
314 318
58 448
216 302
206 459
98 437
268 327
42 46
208 326
212 331
97 353
41 412
59 508
54 496
169 370
270 479
61 388
214 502
155 490
222 486
360 364
376 377
112 349
163 494
201 387
92 93
94 489
195 486
129 405
204 347
20 360
124 369
497 501
120 345
246 475
105 377
57 408
80 305
38 488
30 488
220 342
230 487
418 421
54 452
213 446
305 309
58 61
134 474
65 388
85 396
114 445
57 352
171 490
189 442
178 181
190 191
160 298
274 423
82 428
242 467
57 356
139 142
48 292
21 408
83 489
273 274
141 410
105 357
65 361
106 449
50 53
154 453
145 389
251 487
72 321
99 102
242 423
54 492
269 407
270 487
86 465
150 482
269 270
387 391
44 45
232 335
116 353
200 291
257 258
270 455
138 426
222 491
102 449
441 445
498 501
232 236
229 443
148 322
177 178
50 51
209 414
88 89
244 323
38 504
444 445
252 379
244 347
140 330
0 312
291 295
145 149
213 430
209 398
174 502
365 366
201 355
52 344
61 424
29 392
62 472
217 363
51 496
137 141
190 490
385 386
1 400
178 438
26 448
128 338
189 430
180 366
202 422
26 30
2 448
195 199
104 293
200 302
104 105
217 406
173 406
187 190
259 511
134 461
73 372
54 55
157 394
168 318
105 381
235 239
257 383
162 474
230 503
118 505
344 345
96 337
229 403
134 501
94 457
182 474
69 412
157 397
161 398
57 364
13 384
228 327
132 338
162 454
170 446
105 385
118 465
9 392
142 477
138 421
321 322
236 343
56 348
112 116
158 506
50 476
83 497
33 384
188 354
166 478
142 469
5 416
250 479
93 420
283 286
117 445
216 334
449 450
113 413
206 494
13 416
453 454
200 331
234 455
120 309
24 344
349 350
110 461
205 435
85 86
249 391
41 44
168 350
121 405
205 414
369 373
161 374
117 425
48 296
234 479
307 311
68 329
164 338
101 425
145 402
25 26
73 369
266 267
220 374
14 472
241 411
450 453
86 473
485 486
153 405
482 485
21 424
32 340
243 507
237 391
171 502
252 335
161 370
77 396
70 71
226 229
464 465
125 397
186 442
217 398
185 382
198 467
228 371
157 437
236 351
41 408
234 419
37 408
58 456
90 468
146 450
137 140
338 339
93 428
77 412
196 197
129 394
105 109
244 339
66 452
158 498
34 444
126 477
278 495
90 452
105 393
214 507
203 207
258 431
218 478
77 425
245 399
251 511
232 343
206 483
32 332
110 111
249 379
220 382
210 443
202 462
28 352
248 339
72 76
113 357
50 420
121 365
186 438
449 453
25 376
136 140
124 341
153 389
146 442
21 400
197 438
29 400
62 504
145 146
105 397
492 493
241 407
134 450
262 479
76 364
133 445
181 414
62 484
286 455
78 497
76 324
232 331
82 420
99 493
118 449
274 277
194 467
122 126
98 469
68 353
225 228
261 391
272 343
184 318
252 253
252 383
77 393
42 452
500 501
45 384
206 462
266 439
222 483
196 379
242 435
194 443
105 108
257 399
214 499
82 465
92 345
224 323
154 466
193 366
77 78
30 496
201 403
41 42
49 372
402 403
161 386
185 394
88 340
57 376
229 387
165 386
112 313
192 299
107 111
128 309
16 312
172 362
149 445
208 307
82 476
1 384
58 444
97 381
109 429
118 119
142 485
118 469
212 371
57 384
198 491
74 441
201 395
101 417
253 431
64 340
196 355
158 159
392 396
204 379
212 326
132 362
133 418
18 416
217 382
216 294
275 279
277 447
118 501
227 487
506 507
81 404
138 466
272 327
456 460
162 470
100 345
101 409
168 314
496 497
146 477
278 503
210 446
178 442
129 402
169 366
8 344
329 333
236 347
196 371
172 358
222 454
109 441
307 310
34 416
61 444
225 395
329 332
162 462
125 421
154 155
173 386
24 296
152 317
330 333
178 430
182 510
381 382
29 440
470 471
243 503
113 401
40 320
472 476
128 330
35 508
24 288
176 350
138 142
14 504
49 364
232 319
32 288
86 489
370 371
146 474
118 453
104 297
218 435
53 424
176 322
41 45
136 309
116 373
118 497
195 198
141 445
173 398
42 420
24 336
41 380
194 438
146 437
43 500
212 379
76 77
417 418
80 300
129 365
473 477
248 315
53 408
160 346
236 237
420 421
477 478
152 309
226 467
221 387
184 338
38 460
221 414
192 291
182 486
174 506
176 290
355 358
97 101
149 426
106 461
218 422
268 367
68 377
262 495
230 459
86 460
397 398
140 381
62 500
168 346
124 125
286 503
67 492
173 430
75 508
148 362
88 345
2 472
104 108
144 309
4 376
105 373
178 179
402 406
170 454
248 252
77 417
226 455
129 132
137 362
286 495
235 499
173 442
78 481
424 425
245 411
181 418
192 302
285 415
182 470
180 350
401 405
59 500
224 331
140 338
145 397
395 399
170 462
150 450
177 180
256 303
225 375
53 412
214 459
173 426
4 5
129 389
48 49
193 196
65 393
198 475
257 261
232 233
43 46
206 207
205 398
248 291
80 321
240 319
113 385
41 400
275 503
153 397
46 476
164 358
2 464
251 499
89 377
242 439
28 376
10 464
89 393
252 351
102 457
345 348
80 345
75 492
190 494
13 392
213 390
165 410
108 325
234 459
49 392
281 282
196 358
73 364
41 364
17 368
142 453
363 367
161 394
131 506
73 412
114 429
9 400
26 29
368 369
283 495
139 490
94 505
110 473
185 374
32 33
58 476
221 222
128 349
89 412
427 431
11 496
40 332
277 399
153 362
251 491
75 484
176 330
181 434
256 295
188 362
418 419
86 457
116 349
114 453
141 434
198 462
19 488
217 218
476 477
190 510
29 424
193 358
88 337
188 322
109 389
22 488
144 145
148 325
69 409
125 389
24 320
104 289
261 439
185 406
185 414
100 329
133 442
74 425
192 193
172 322
140 346
166 498
118 509
157 434
161 382
216 315
126 453
94 508
61 404
74 417
73 74
49 360
434 437
286 511
76 377
96 321
220 355
92 332
266 479
250 471
98 425
155 498
176 294
273 391
264 311
123 481
58 59
123 497
56 288
225 407
408 409
138 450
180 374
88 313
32 312
230 483
389 390
210 214
109 425
216 342
34 428
230 479
156 349
62 448
176 318
89 364
101 385
480 481
84 372
211 491
161 354
169 406
259 503
137 394
130 426
275 495
141 429
10 13
138 139
133 410
130 474
57 380
97 373
309 310
435 438
283 287
214 467
206 486
28 368
234 475
94 484
120 329
89 356
437 438
101 437
138 469
72 73
6 496
260 367
94 465
220 339
189 426
240 331
69 70
204 350
170 442
325 326
186 466
496 500
34 38
29 30
105 409
76 372
50 440
98 429
70 481
184 346
0 1
233 411
5 6
218 459
144 349
126 457
228 347
468 469
141 426
219 222
218 438
252 343
85 393
198 507
202 475
139 493
216 318
149 394
249 383
138 461
60 336
138 445
246 455
68 380
89 401
204 382
206 510
200 204
93 417
16 320
282 283
84 377
250 439
180 354
62 492
240 315
76 380
331 335
168 302
126 501
100 381
249 395
181 426
101 433
260 383
134 477
153 370
57 58
174 470
64 324
92 324
433 437
216 299
160 161
189 438
54 480
72 289
276 327
11 14
51 484
50 444
170 171
187 490
352 353
277 278
138 453
200 326
140 357
76 340
106 477
59 480
174 462
481 485
52 364
250 431
149 442
90 420
273 383
253 419
225 367
114 469
494 495
245 391
220 334
274 278
2 6
142 450
114 477
174 510
86 87
3 496
378 382
234 435
125 445
133 394
28 320
178 450
154 421
65 380
69 401
244 371
188 358
194 459
125 429
37 444
241 387
77 404
37 412
329 330
384 388
121 357
74 77
193 355
361 362
90 425
125 401
162 446
222 462
125 437
216 307
497 500
209 390
244 363
84 332
38 39
200 323
77 385
82 452
182 494
116 321
112 317
96 297
221 430
121 122
89 388
48 316
172 378
126 509
91 94
180 362
84 345
217 220
171 494
250 253
124 321
198 510
66 460
110 457
173 438
166 494
205 406
113 381
172 334
393 397
267 271
176 177
136 298
68 332
33 372
62 452
86 481
108 381
61 384
149 434
162 163
48 320
120 349
106 445
120 341
425 429
297 300
97 393
284 335
2 5
46 460
179 183
74 460
202 443
230 475
114 417
194 454
68 364
281 415
61 440
85 404
213 438
225 415
32 292
41 388
142 490
106 441
187 506
26 440
193 414
27 496
164 374
145 394
203 206
102 103
202 467
116 337
117 393
28 344
110 505
84 348
120 124
70 500
233 403
81 412
92 337
226 471
155 509
225 383
97 361
64 337
116 369
124 337
113 377
245 439
1 4
174 498
40 336
70 492
142 474
145 410
227 507
216 310
154 429
168 310
282 286
186 446
246 459
33 388
194 422
281 391
237 423
106 107
240 327
232 347
249 355
240 323
282 285
153 378
61 400
176 302
66 468
170 470
181 402
53 54
108 373
224 303
481 484
82 473
86 497
465 466
237 403
115 481
189 190
200 350
217 411
46 47
83 508
29 384
149 389
102 473
194 478
81 372
153 156
164 330
132 330
440 444
46 464
26 472
195 491
250 451
377 380
265 375
209 213
12 320
86 449
67 481
6 472
324 325
196 366
62 480
448 452
172 338
108 109
70 476
81 356
226 431
57 400
136 349
222 451
339 342
162 434
54 456
84 329
195 502
137 405
242 455
104 317
42 472
174 478
101 102
218 475
346 347
38 508
76 337
172 350
204 323
93 385
59 504
64 321
66 69
69 393
234 439
60 364
200 318
354 358
234 427
49 384
237 415
17 352
374 375
53 388
117 401
380 381
190 466
108 333
69 417
98 99
236 327
53 428
149 150
214 475
14 15
289 293
238 499
486 487
269 391
78 449
52 360
250 455
218 462
210 467
100 365
227 231
65 68
232 327
193 395
115 118
150 485
249 371
179 490
18 440
185 390
221 435
45 444
194 475
193 387
116 365
137 138
505 506
65 356
133 421
148 149
461 462
149 429
132 346
278 455
88 289
505 508
185 362
181 410
96 309
499 503
137 357
44 364
122 449
93 441
262 487
74 444
1 352
6 488
5 424
281 407
185 398
208 310
235 507
56 320
114 117
80 348
59 484
35 480
192 339
67 484
257 391
92 364
42 440
269 423
219 491
229 423
190 498
244 383
26 27
226 230
187 502
426 430
201 366
37 392
205 387
4 320
226 427
44 380
147 493
258 262
267 270
241 359
56 60
123 501
394 395
224 311
161 410
68 369
174 474
70 508
34 440
188 334
232 307
104 337
46 508
51 488
109 437
185 410
72 345
49 412
37 384
230 499
112 293
266 431
51 480
281 359
93 409
285 391
113 393
265 268
236 363
78 476
225 359
13 14
192 323
249 359
179 482
208 299
40 340
26 464
428 429
204 366
236 331
52 332
82 417
13 440
50 456
40 344
417 420
82 468
158 493
91 505
108 345
69 441
158 469
510 511
109 421
214 510
153 365
84 85
474 475
225 229
49 356
212 347
280 319
425 426
188 374
285 286
264 265
120 313
301 302
141 389
130 445
44 332
133 405
209 395
206 451
285 423
121 401
97 369
128 132
273 367
94 95
105 353
89 385
58 468
59 62
77 409
353 357
34 464
93 444
176 334
90 94
224 319
122 445
75 505
246 479
326 327
108 365
50 452
28 29
249 363
161 165
169 402
284 367
81 353
118 485
212 350
124 361
266 270
147 501
198 459
13 408
90 433
109 393
184 188
490 494
132 381
156 338
41 404
129 381
482 483
100 361
82 86
112 321
26 424
221 395
272 335
136 290
225 371
193 374
146 453
90 444
153 394
242 427
240 351
121 397
273 399
113 116
260 351
52 380
129 133
154 445
264 319
104 301
96 97
130 421
201 379
236 379
244 375
201 371
137 365
51 504
81 396
164 350
156 381
141 405
227 503
156 357
169 362
164 382
66 444
237 427
202 451
34 37
450 451
186 187
341 342
234 431
70 452
229 435
73 361
45 416
108 353
188 382
160 350
208 347
108 361
208 294
128 333
197 387
272 319
321 324
241 391
180 338
282 431
49 400
49 52
451 454
169 410
137 386
145 365
426 429
138 477
67 71
227 511
4 352
76 321
337 338
186 454
501 502
120 333
112 329
190 474
9 376
245 395
90 457
248 343
488 489
282 447
24 28
506 509
6 464
48 344
208 323
243 247
411 415
141 386
46 500
241 245
245 431
336 340
142 506
168 334
292 293
129 370
129 362
222 502
216 339
37 404
41 392
386 387
210 435
148 381
253 415
74 465
230 491
125 405
216 217
54 464
369 372
64 289
141 142
178 446
208 318
466 467
173 390
270 511
101 405
218 427
90 473
132 322
102 477
123 509
40 348
220 366
266 471
48 324
508 509
284 351
74 452
195 510
277 439
142 501
10 448
32 336
77 441
222 510
209 212
174 450
25 28
273 415
17 21
102 509
81 377
30 448
197 427
57 360
78 492
57 412
344 348
256 335
164 322
46 472
229 399
60 380
115 505
244 359
83 481
18 22
49 50
113 409
104 305
38 452
141 418
83 492
213 443
253 387
174 486
132 333
186 422
105 106
134 482
274 471
60 320
108 357
154 157
120 121
261 415
149 402
270 471
208 334
42 448
42 416
240 343
5 392
91 508
228 375
382 383
134 469
192 331
48 336
132 357
168 322
68 337
181 182
268 335
62 468
413 414
44 352
37 388
352 356
67 505
181 394
110 453
266 447
169 382
185 370
8 288
225 226
197 414
20 376
150 506
364 365
168 290
1 360
226 423
270 495
226 439
217 387
142 143
78 484
182 454
181 438
210 454
115 119
475 479
225 387
108 377
148 357
150 509
208 212
158 474
230 507
177 382
190 482
54 476
6 480
179 506
46 496
104 349
211 499
259 487
60 352
136 338
65 66
68 321
258 471
19 22
201 398
64 345
504 505
210 422
217 355
218 467
242 451
130 133
187 482
93 412
276 367
184 294
76 348
56 332
165 390
35 488
80 340
6 456
74 75
172 346
128 325
140 362
32 344
490 491
302 303
146 150
396 397
16 344
99 485
117 397
145 370
49 376
138 141
460 461
160 330
265 269
218 446
34 472
178 462
52 352
162 426
193 406
69 433
473 474
178 470
41 376
265 415
225 403
265 407
475 478
189 406
315 318
222 470
227 499
131 485
138 434
210 427
38 468
131 498
67 489
226 443
249 250
30 464
245 415
122 421
252 339
173 394
42 43
157 405
75 500
273 276
94 500
147 482
49 388
43 492
45 440
18 21
210 211
94 449
390 391
217 366
220 358
236 339
27 504
212 339
250 419
84 353
274 455
93 393
137 354
6 448
161 366
294 295
84 356
218 419
173 402
252 331
248 303
85 425
133 429
242 479
283 487
274 439
65 396
126 485
166 482
129 354
53 440
246 495
245 419
97 413
137 397
441 444
112 333
218 430
237 238
98 449
248 311
488 492
244 327
280 284
116 357
124 365
276 375
117 389
60 360
252 323
46 456
116 377
96 349
153 354
192 350
40 288
229 419
66 70
163 510
118 481
14 480
163 166
362 363
259 262
264 335
52 53
166 454
50 472
372 373
248 327
280 351
214 494
62 496
289 292
59 496
120 321
137 389
157 418
248 335
322 326
242 459
136 317
269 399
210 430
170 430
132 325
41 360
280 295
105 413
148 346
209 371
70 460
110 481
240 295
49 352
185 186
32 300
62 488
299 302
132 133
238 495
200 299
155 159
280 327
195 483
221 427
98 101
148 338
277 431
219 502
162 442
54 448
56 312
17 392
170 438
34 35
193 382
56 344
214 491
73 377
248 249
152 338
80 316
144 325
245 447
81 401
198 470
442 443
17 408
37 420
166 470
489 493
482 486
16 17
144 341
109 110
147 498
46 488
152 346
155 493
91 489
141 442
219 507
25 352
198 483
206 454
92 369
213 427
188 330
221 419
156 322
9 13
178 426
20 320
54 508
139 501
72 324
61 420
394 397
233 391
164 354
112 305
230 451
241 355
222 459
193 390
86 508
165 426
357 358
241 379
229 415
85 417
214 215
260 335
403 406
97 377
120 301
70 449
200 294
45 400
457 460
240 303
201 363
65 377
117 417
177 398
25 392
251 255
176 346
98 473
412 413
64 68
62 476
139 482
104 329
170 422
169 390
1 5
133 389
53 400
422 423
50 448
186 426
497 498
17 18
206 502
140 141
152 298
206 470
200 339
58 464
212 323
42 45
184 330
128 341
114 465
347 350
25 400
34 420
98 461
161 162
353 354
110 489
64 332
88 321
150 461
22 504
333 334
240 335
282 479
202 427
148 365
169 173
122 437
377 378
156 346
184 342
211 494
98 477
54 472
76 345
52 348
209 382
472 473
205 443
138 474
117 441
67 70
26 456
441 442
45 424
166 502
414 415
96 289
248 299
221 411
229 230
62 63
168 172
350 351
150 501
204 205
158 453
180 326
228 367
202 203
211 510
226 447
112 341
205 390
280 343
403 407
177 402
264 343
187 486
198 499
235 511
137 373
92 380
56 292
220 347
58 62
66 476
85 412
218 221
97 389
246 451
66 457
97 401
64 316
107 110
85 428
170 418
154 434
121 369
133 426
145 373
452 453
265 391
158 509
114 118
323 327
194 446
438 439
40 324
78 489
51 492
43 508
110 501
224 295
227 495
176 180
221 406
177 366
42 444
237 399
156 354
229 431
110 465
42 428
104 325
126 465
268 375
122 457
140 373
157 442
233 395
52 356
241 383
48 300
169 386
152 349
72 313
473 476
78 452
158 482
185 358
81 388
83 86
41 396
284 327
100 333
150 477
250 435
181 398
176 338
286 487
249 252
185 189
68 340
146 469
194 451
60 332
34 452
161 414
222 223
189 414
162 438
80 324
75 497
186 478
43 480
193 403
14 448
202 470
108 337
280 335
88 292
113 353
216 350
264 303
157 410
123 489
42 476
216 323
178 434
198 494
186 462
93 401
64 292
177 386
118 457
258 447
182 450
180 334
102 493
130 469
170 478
17 20
206 491
275 487
209 411
110 485
217 390
129 357
386 389
58 460
213 398
193 363
404 405
176 298
225 399
66 420
198 454
49 380
507 511
214 451
150 453
149 418
98 453
233 371
25 360
218 443
160 290
14 496
171 174
82 83
109 405
124 381
165 398
225 391
19 23
22 23
202 459
245 423
82 85
131 501
43 488
281 399
165 430
56 300
257 375
128 314
168 338
467 470
174 466
238 507
430 431
40 44
113 397
66 473
46 468
105 389
197 443
418 422
49 368
17 360
155 501
232 291
98 441
313 314
241 395
18 424
61 412
92 329
189 390
204 358
52 336
173 410
33 360
202 478
204 371
54 460
284 359
196 334
176 310
192 342
185 188
225 411
21 22
229 395
312 316
280 311
129 386
238 467
274 431
180 330
124 333
125 126
72 348
165 402
126 497
168 294
115 509
489 492
130 477
66 417
258 479
131 482
133 413
212 342
443 446
2 416
160 334
233 415
442 446
214 454
81 385
385 388
240 241
104 309
70 484
174 175
229 439
162 478
251 503
275 278
0 288
165 406
131 135
290 294
38 480
76 332
8 320
45 408
400 401
186 418
18 448
16 288
286 287
277 423
410 413
102 505
130 131
96 301
44 324
252 327
85 385
187 510
86 452
228 379
3 7
98 102
213 387
320 321
57 60
206 507
178 454
197 390
128 293
177 410
249 399
141 413
200 315
243 246
142 466
80 84
130 442
116 381
37 38
80 313
384 385
33 37
165 434
282 471
212 374
202 454
164 346
69 444
424 428
227 483
48 348
203 507
147 150
182 462
34 424
125 413
241 415
177 362
257 367
155 158
198 199
202 446
99 103
156 362
158 501
290 293
61 62
258 259
242 475
100 377
117 409
201 390
197 403
134 135
155 485
59 63
296 297
58 472
252 371
97 100
60 368
250 447
5 384
4 360
457 461
158 466
29 408
253 439
42 456
156 330
275 511
228 339
192 347
260 359
33 404
131 134
228 331
105 405
65 369
250 459
68 372
264 268
318 319
166 474
33 400
91 497
425 428
40 316
102 469
90 460
25 29
281 383
28 336
217 221
211 215
185 378
166 510
125 433
237 439
221 403
180 358
459 462
70 465
113 117
340 341
32 320
241 371
253 391
225 379
134 493
158 485
234 237
93 425
117 413
9 352
2 3
107 493
229 391
241 399
53 384
259 495
274 447
248 347
433 434
106 429
182 466
402 405
278 279
118 489
40 312
35 39
37 396
202 205
145 357
181 442
136 333
150 469
88 348
150 490
196 363
90 93
243 495
154 437
267 487
81 364
130 461
57 392
250 443
273 359
81 85
62 508
190 462
233 399
241 242
264 351
277 391
9 360
193 197
86 468
184 314
102 489
226 479
277 407
10 11
338 342
124 349
170 173
104 321
236 367
109 397
106 110
242 419
226 459
214 478
43 484
274 479
181 386
242 447
120 297
176 342
236 375
161 378
417 421
246 491
266 423
92 353
90 465
249 407
98 433
149 397
232 299
140 378
125 409
490 493
158 490
237 395
253 435
81 409
8 296
122 441
130 437
196 374
76 356
218 222
205 438
58 416
209 406
182 478
75 489
236 323
208 209
219 486
194 198
60 340
132 378
10 440
124 377
152 333
38 476
130 466
362 366
92 340
217 358
142 461
73 380
108 349
60 376
394 398
386 390
154 450
77 433
507 510
12 360
297 298
56 324
194 419
466 470
291 294
200 201
107 485
177 374
217 371
60 61
272 303
474 478
78 500
60 348
106 453
45 46
201 205
33 396
211 507
122 473
164 334
65 412
245 387
140 325
114 441
240 307
90 417
234 443
