242
245
489
493
274
276
184
312
403
405
5
13
267
271
90
94
283
284
205
213
440
444
475
478
31
39
89
217
361
367
96
100
89
92
458
462
202
207
306
308
112
117
434
437
319
327
130
258
19
23
323
326
176
181
441
445
296
302
298
303
75
76
105
110
267
269
465
468
422
430
192
198
33
36
224
228
128
256
360
364
289
293
226
229
291
294
106
109
501
509
379
380
0
128
90
92
213
221
200
205
406
414
410
415
25
30
310
318
248
254
314
317
10
14
502
510
52
60
192
196
17
20
50
55
269
277
10
13
492
500
330
332
137
142
458
461
151
159
378
506
152
158
51
179
57
63
171
172
320
448
208
336
192
197
139
141
131
134
146
151
372
380
171
175
458
460
26
31
497
503
464
471
398
406
352
359
297
302
275
278
451
452
241
369
251
255
24
152
187
188
72
76
219
347
177
181
442
445
447
455
9
12
347
350
17
145
111
119
377
383
250
253
425
429
283
287
393
399
384
388
272
278
233
361
137
143
96
224
266
394
225
228
215
223
498
500
266
268
120
126
376
383
464
469
66
194
345
351
326
334
360
488
274
277
75
203
105
111
32
39
112
118
19
21
394
399
290
293
337
343
328
334
321
449
323
451
35
36
130
132
113
119
223
231
48
54
21
29
18
21
387
391
427
431
346
474
355
483
7
15
487
495
218
220
265
393
227
228
467
470
433
439
210
212
72
200
347
349
409
415
483
484
216
344
163
291
497
500
171
173
81
85
1
5
427
429
187
315
97
101
120
127
450
455
323
327
275
279
312
316
314
442
441
444
354
356
181
189
150
158
288
295
16
20
138
141
109
117
320
326
479
487
488
493
336
343
10
138
8
14
232
237
104
232
35
38
219
221
251
252
74
78
257
262
91
219
368
375
235
236
80
208
279
287
470
478
467
471
264
271
274
402
315
318
104
109
283
411
466
468
217
221
90
93
45
53
274
278
48
176
376
381
435
437
435
438
331
459
505
508
409
412
74
79
267
270
336
340
369
374
357
365
329
334
188
196
411
415
155
157
330
333
239
247
234
362
506
511
297
303
442
447
298
426
0
6
57
185
273
278
201
206
363
365
113
118
24
28
25
29
408
414
235
363
83
87
392
396
362
490
64
71
169
172
171
174
490
495
140
148
426
429
138
142
179
181
0
4
20
28
361
365
431
439
179
183
408
412
207
215
176
304
424
428
395
397
224
229
459
461
41
169
472
476
94
102
122
124
457
462
282
284
256
260
97
100
144
151
123
251
26
29
10
15
56
61
232
236
352
356
453
461
72
77
25
28
208
213
0
5
289
417
324
332
285
293
98
100
162
167
397
405
194
199
77
85
209
214
121
125
286
294
288
416
346
351
444
452
331
332
498
502
147
150
27
30
297
301
155
283
384
391
249
255
114
242
283
286
174
182
331
334
59
187
263
271
49
54
393
397
361
489
500
508
203
204
259
262
320
325
117
125
504
510
226
231
322
326
59
63
201
204
344
351
136
141
88
216
337
465
42
45
217
223
145
149
259
261
345
349
420
428
168
172
129
135
242
370
163
164
100
108
371
373
248
252
370
373
400
404
79
87
9
14
112
240
162
164
418
421
119
127
241
247
267
268
65
70
313
441
456
460
441
446
11
15
488
495
44
52
284
292
122
125
66
69
390
398
232
238
35
37
236
244
153
281
65
69
307
308
198
206
134
142
439
447
2
4
264
392
321
324
3
4
193
196
376
382
146
274
460
468
210
213
289
294
40
47
450
454
184
189
417
420
83
211
316
324
68
76
154
159
67
71
433
438
430
438
64
69
407
415
426
428
505
511
483
485
496
500
145
273
499
502
256
261
107
235
352
357
304
432
481
484
280
284
224
352
456
463
421
429
231
239
33
39
237
245
157
165
404
412
40
168
350
358
195
197
75
78
186
314
336
464
243
245
36
44
250
254
225
353
339
467
370
498
130
134
248
376
57
62
375
383
385
390
338
343
141
149
304
311
247
255
51
55
473
479
81
84
148
156
56
62
291
295
90
218
366
374
176
180
281
284
108
116
469
477
34
39
133
141
160
167
418
423
428
436
474
476
135
143
386
389
172
180
419
421
177
305
64
192
507
509
218
222
299
300
182
190
137
140
299
427
241
246
354
482
82
85
384
389
388
396
224
230
494
502
480
487
368
372
161
164
505
509
58
62
115
118
334
342
89
95
214
222
73
76
99
103
476
484
178
183
482
486
162
166
22
30
40
45
183
191
491
494
78
86
348
356
333
341
99
101
327
335
179
307
443
445
304
309
401
404
170
175
411
413
