109
413
224
339
48
312
173
446
146
429
40
292
137
378
190
454
212
366
200
310
34
460
77
420
4
336
126
469
42
460
252
347
241
244
280
281
46
448
258
439
218
454
128
317
45
412
25
368
134
453
128
129
194
197
321
325
174
482
80
332
113
114
233
387
235
503
73
401
64
348
124
373
88
329
184
326
112
113
313
316
361
364
56
336
155
506
466
469
232
303
132
354
203
499
160
318
160
342
228
335
59
492
116
117
225
363
20
368
216
347
206
467
60
324
197
398
293
294
220
331
378
379
205
403
153
373
258
423
285
431
48
288
235
487
86
492
269
415
112
345
267
511
193
379
186
474
8
336
158
450
474
477
56
316
73
385
250
251
30
456
182
482
118
493
200
307
245
435
125
441
35
38
222
499
44
356
132
365
169
354
163
502
136
322
224
343
122
433
235
491
34
468
107
489
201
374
285
399
411
414
233
383
44
368
4
344
278
487
37
416
33
34
201
358
92
361
2
440
269
439
153
157
205
427
267
503
109
409
281
285
117
429
173
434
104
341
419
423
136
301
121
389
3
480
46
484
74
78
212
363
355
359
205
446
38
472
234
423
194
462
121
353
108
341
224
327
180
370
45
388
80
289
51
54
190
478
117
437
148
333
100
373
126
127
35
496
229
427
1
2
220
379
145
405
78
468
121
361
22
456
65
385
188
350
137
370
237
419
72
297
166
167
38
448
395
398
162
166
157
429
222
494
286
479
116
333
136
137
161
406
76
329
126
449
192
310
94
468
105
361
172
330
123
126
250
427
152
325
434
438
196
382
138
442
1
368
361
365
178
182
209
387
50
424
216
291
165
394
57
368
219
499
313
317
208
291
35
492
195
507
209
358
221
422
288
292
106
465
245
403
35
500
233
355
86
505
290
291
54
500
170
466
141
421
57
388
62
460
9
368
186
470
154
477
189
394
133
434
128
290
346
349
184
290
146
147
204
363
445
446
84
321
150
474
188
189
257
407
241
375
133
437
144
330
224
315
244
379
109
445
238
479
25
384
401
404
77
444
122
465
89
90
163
167
136
293
132
341
314
317
121
409
242
245
170
426
210
459
16
336
81
380
27
480
220
363
100
349
3
488
465
468
192
294
3
6
26
416
12
376
253
403
269
431
92
377
80
297
179
486
265
266
281
367
101
429
210
462
193
194
280
303
37
428
146
149
222
475
245
246
330
334
256
319
190
450
170
174
164
165
66
441
145
381
192
196
117
421
250
467
153
154
504
508
68
345
249
387
38
456
218
470
446
447
217
379
18
464
129
413
203
502
232
351
240
347
483
487
105
401
228
351
99
497
123
485
152
153
122
469
178
478
45
420
273
407
70
489
268
383
228
323
238
475
256
257
257
260
244
351
137
402
171
510
52
320
85
401
253
443
120
337
113
361
33
408
130
450
20
21
152
301
81
393
122
453
116
329
427
430
101
441
337
340
243
499
24
312
89
369
72
292
158
461
74
473
342
343
102
485
126
505
85
388
248
351
491
494
11
504
478
479
261
447
30
480
144
322
19
496
185
402
150
493
12
368
236
383
203
486
226
419
218
451
298
301
68
324
286
471
97
405
94
476
152
156
189
402
208
315
20
352
169
374
97
409
121
393
0
336
96
100
37
400
315
319
177
394
405
406
139
509
110
493
43
496
230
471
129
397
91
500
165
414
53
420
262
455
202
435
168
169
213
435
140
333
120
289
261
262
181
430
106
457
77
428
81
369
214
486
410
411
115
501
442
445
84
337
298
302
40
296
142
493
50
460
58
440
49
53
235
495
60
372
161
362
139
498
177
390
78
79
83
484
276
383
221
390
99
489
259
263
211
483
70
473
265
359
393
396
264
295
284
383
46
452
232
311
232
295
57
61
10
456
98
465
189
386
42
464
160
338
163
490
43
504
14
456
270
271
193
371
155
482
272
273
69
385
179
498
240
299
171
486
102
501
282
455
64
305
32
324
195
494
238
239
40
41
277
415
66
67
81
82
96
305
52
324
91
95
173
418
72
300
187
494
94
481
416
417
131
509
69
425
61
392
93
404
139
143
17
400
198
478
274
275
227
491
43
47
83
87
124
357
219
223
283
511
51
55
270
503
13
424
176
314
182
183
75
78
112
309
11
15
171
175
230
231
187
191
29
416
6
7
360
361
262
263
5
400
246
247
274
423
387
391
195
199
70
71
203
207
110
111
28
352
118
119
158
159
275
279
283
287
38
39
102
103
214
215
251
255
62
63
19
23
131
135
