ba_100_30
100
-28
-11
-26
-10
20
14
5
9
7
-10
28
-17
6
3
-17
-6
8
29
-27
12
24
-9
-24
-18
27
-16
-14
30
15
-25
-30
-15
11
4
7
-11
10
26
30
14
-15
-23
-27
-21
-27
-2
5
26
-13
-10
10
3
17
-15
28
-21
-27
-19
-11
-4
11
28
-23
-14
-4
9
20
-26
-16
20
-27
26
14
5
30
-27
-13
-26
-30
17
-4
14
-2
-29
-21
19
10
-16
24
3
24
-29
18
-25
-15
-13
24
-21
13
19
0 1 -25
0 2 12
0 3 16
0 4 22
0 5 26
0 6 20
0 7 17
0 8 -4
0 9 3
0 10 10
0 11 -16
0 12 -24
0 13 18
0 14 2
0 15 -15
0 16 -25
0 17 19
0 18 21
0 19 -2
0 20 10
0 22 -13
0 23 13
0 28 -22
0 29 8
0 31 -8
0 35 -8
0 36 5
0 37 -18
0 38 -16
0 39 16
0 40 -16
0 42 -26
0 48 13
0 52 21
0 54 -5
0 57 -6
0 60 13
0 63 -23
0 65 5
0 71 25
0 72 -29
0 74 8
0 79 26
0 80 22
0 82 -18
0 86 18
0 94 -5
0 96 -18
0 99 19
1 14 -12
1 15 -3
1 16 -16
1 17 21
1 18 -4
1 19 -10
1 20 -13
1 21 20
1 23 25
1 25 15
1 26 30
1 27 -21
1 30 10
1 31 -25
1 36 13
1 38 15
1 42 24
1 47 -4
1 52 15
1 54 -24
1 58 -8
1 60 -10
1 61 8
1 65 30
1 81 8
1 84 -17
1 96 -26
1 98 18
2 14 -20
2 15 28
2 16 -13
2 17 -15
2 18 -6
2 19 -29
2 22 24
2 23 9
2 24 22
2 25 -27
2 26 -6
2 30 3
2 32 4
2 33 -5
2 38 -27
2 40 -24
2 41 -20
2 43 -6
2 51 15
2 53 -26
2 54 -11
2 55 16
2 61 -2
2 62 -6
2 68 20
2 72 21
2 74 -8
2 76 28
2 77 15
2 78 20
2 81 -23
2 83 29
2 89 9
2 93 9
2 95 25
2 97 -20
3 15 -24
3 17 20
3 21 24
3 22 -18
3 28 -25
3 29 9
3 33 -30
3 36 -10
3 40 19
3 44 -19
3 46 23
3 48 -8
3 50 9
3 52 -23
3 58 -2
3 65 23
3 68 -15
3 87 -11
3 90 3
4 14 16
4 15 -21
4 16 7
4 17 -24
4 19 -5
4 21 -23
4 22 -18
4 24 24
4 25 18
4 26 -21
4 27 -27
4 28 22
4 29 22
4 31 -29
4 33 -22
4 34 25
4 37 -20
4 38 26
4 53 2
4 60 3
4 66 3
4 68 -5
4 69 -24
4 70 -5
4 79 27
4 82 -15
4 89 -8
4 91 4
4 92 -28
4 93 7
4 98 -2
5 14 19
5 15 -11
5 16 6
5 18 10
5 19 -22
5 21 21
5 22 19
5 25 17
5 26 8
5 27 25
5 34 -29
5 36 -8
5 41 29
5 75 28
5 84 -17
5 95 -8
6 14 8
6 15 -22
6 17 -25
6 18 30
6 19 29
6 22 -3
6 23 20
6 24 30
6 25 28
6 26 -4
6 28 -15
6 31 19
6 32 25
6 42 -30
6 45 28
6 46 -4
6 49 -2
6 54 12
6 55 -23
6 63 -28
6 70 -16
6 86 -18
6 91 23
6 99 -28
7 14 9
7 15 19
7 16 26
7 17 25
7 18 10
7 19 16
7 20 4
7 24 -25
7 26 8
7 28 19
7 29 14
7 30 -4
7 35 25
7 36 -13
7 40 -19
7 41 -14
7 49 25
7 52 -9
7 53 -25
7 55 23
7 57 -19
7 58 7
7 59 28
7 61 26
7 69 -28
7 70 18
7 80 17
7 90 20
7 95 -11
8 14 -25
8 16 16
8 17 9
8 18 -27
8 20 -14
8 21 14
8 22 -30
8 23 29
8 26 9
8 27 23
8 29 5
8 30 -6
8 31 29
8 32 11
8 33 28
8 35 -12
8 36 -18
8 37 15
8 44 -27
8 62 -19
8 64 9
8 65 10
8 66 -27
8 68 -15
8 73 -20
8 77 -19
8 81 18
8 84 4
8 87 -13
8 89 -23
8 92 21
8 97 -6
9 14 -19
9 15 6
9 16 -18
9 19 -24
9 20 -17
9 23 -7
9 24 -13
9 27 20
9 30 -10
9 32 17
9 33 -6
9 39 -25
9 41 14
9 44 26
9 45 -13
9 47 17
9 48 11
9 62 24
9 74 -26
9 75 -20
9 87 -20
9 90 24
9 98 18
10 14 -30
10 16 -3
10 20 28
10 22 2
10 25 -3
10 28 15
10 32 -15
10 35 6
10 43 23
10 58 13
10 62 -12
10 84 6
10 85 27
10 94 20
10 96 23
11 14 -10
11 15 25
11 16 -10
11 17 19
11 18 -11
11 23 -10
11 27 16
11 29 4
11 32 -13
11 33 22
11 34 5
11 35 15
11 36 6
11 37 11
11 39 -7
11 41 -25
11 48 12
11 51 -26
11 52 15
11 59 -28
11 60 6
11 63 -4
11 81 -20
11 82 7
11 85 29
12 14 -25
12 15 -3
12 17 12
12 18 21
12 21 28
12 24 21
12 25 17
12 30 9
12 43 -21
12 46 -24
12 55 -4
12 57 24
12 69 -11
12 70 -21
12 80 14
12 95 11
13 14 -10
13 15 25
13 16 10
13 20 27
13 21 -20
13 23 -16
13 32 10
13 36 9
13 38 7
13 45 12
13 47 10
13 57 -23
13 63 -11
13 76 16
13 90 -2
14 15 18
14 16 -21
14 17 27
14 18 -6
14 19 -11
14 20 -16
14 21 14
14 23 25
14 25 3
14 27 -18
14 28 2
14 29 -12
14 31 -3
14 33 4
14 34 -2
14 35 27
14 36 20
14 37 -21
14 38 8
14 41 -5
14 42 -2
14 43 -3
14 49 6
14 50 26
14 56 15
14 58 -28
14 65 26
14 66 -16
14 69 -16
14 74 -24
14 76 23
14 78 23
14 79 24
14 80 3
14 88 29
14 91 29
14 97 6
15 16 19
15 17 15
15 18 -24
15 19 -23
15 20 29
15 21 21
15 22 -22
15 23 9
15 25 10
15 29 -7
15 30 -7
15 31 -14
15 34 -16
15 35 27
15 38 -11
15 41 23
15 43 10
15 44 -29
15 47 9
15 48 -22
15 49 12
15 50 29
15 51 -17
15 52 20
15 61 6
15 62 26
15 63 -28
15 64 18
15 68 -27
15 69 -10
15 72 10
15 74 5
15 81 -21
15 86 26
15 91 2
15 92 6
16 17 6
16 18 -15
16 19 8
16 20 -4
16 21 -21
16 22 -29
16 24 -4
16 25 26
16 26 13
16 27 -26
16 30 26
16 31 4
16 38 -19
16 39 30
16 42 30
16 43 26
16 44 9
16 45 -21
16 47 25
16 50 -20
16 51 13
16 52 -13
16 54 27
16 55 -15
16 56 -17
16 61 -8
16 67 7
16 71 -24
16 72 8
16 91 9
16 94 5
17 18 -7
17 19 4
17 20 7
17 24 -14
17 26 -28
17 27 -2
17 30 28
17 32 -28
17 34 -25
17 37 27
17 39 -9
17 43 22
17 46 -9
17 48 25
17 50 14
17 51 4
17 52 3
17 56 30
17 59 8
17 60 -26
17 72 2
17 73 -9
17 78 -5
17 81 -19
17 85 -3
17 90 -26
17 95 3
18 19 14
18 20 15
18 21 -20
18 22 -29
18 23 -16
18 24 15
18 25 -20
18 26 24
18 27 -5
18 28 24
18 30 -11
18 31 2
18 32 -12
18 33 20
18 35 -4
18 39 -26
18 40 3
18 41 10
18 45 21
18 47 30
18 48 19
18 50 -27
18 57 25
18 62 17
18 63 24
18 77 -12
18 84 5
18 85 4
19 20 16
19 21 27
19 22 -14
19 23 18
19 24 -19
19 26 26
19 28 8
19 29 -26
19 30 4
19 31 -10
19 33 -15
19 34 27
19 35 26
19 36 -16
19 37 28
19 42 -20
19 47 21
19 52 -7
19 56 18
19 58 6
19 62 -26
19 66 -11
19 67 15
19 73 16
19 76 10
19 77 -20
19 80 -16
19 84 16
19 85 -7
19 86 9
19 94 2
20 21 -12
20 22 23
20 25 5
20 26 18
20 28 -9
20 29 3
20 32 -3
20 33 -7
20 37 23
20 39 24
20 40 -12
20 42 -10
20 44 13
20 46 23
20 49 -6
20 51 18
20 53 -7
20 54 -23
20 56 -28
20 58 -8
20 59 -30
20 60 23
20 65 -5
20 68 -5
20 76 -16
20 79 6
20 83 29
20 84 -14
20 88 12
20 89 -11
20 90 -7
20 96 -18
21 24 -22
21 25 -28
21 26 -17
21 27 -12
21 28 18
21 30 -9
21 31 -25
21 33 -2
21 34 18
21 35 28
21 38 10
21 43 -24
21 44 -9
21 46 -9
21 54 12
21 58 -17
21 61 -21
21 64 -27
21 66 9
21 75 18
21 80 -7
21 81 11
21 84 4
21 86 -25
21 87 -19
21 94 5
21 95 2
22 23 17
22 24 -14
22 28 -22
22 29 12
22 31 -15
22 36 14
22 38 -11
22 40 20
22 41 4
22 42 12
22 44 13
22 47 20
22 48 19
22 51 -20
22 53 2
22 54 -28
22 55 3
22 57 30
22 58 12
22 59 -12
22 68 -26
22 69 -9
22 71 21
22 73 27
22 75 30
22 93 30
22 98 3
23 24 29
23 30 7
23 32 27
23 34 18
23 35 -16
23 36 24
23 37 2
23 40 9
23 44 -4
23 47 27
23 48 -20
23 56 -3
23 61 -20
23 63 21
23 68 -29
23 71 -21
23 82 26
23 83 -14
23 84 -27
23 91 9
23 96 29
23 98 -8
24 27 29
24 28 -26
24 29 15
24 34 21
24 41 -12
24 43 5
24 45 10
24 50 -27
24 61 -27
24 75 15
24 93 -29
24 96 18
25 27 17
25 35 -30
25 39 16
25 42 -19
25 45 27
25 47 -12
25 48 -21
25 49 20
25 53 26
25 58 -30
25 65 4
25 70 16
25 75 -21
25 76 4
25 77 -6
25 80 -29
25 81 -14
25 86 -11
25 94 -12
26 31 -26
26 33 16
26 40 -19
26 44 -25
26 47 11
26 49 -16
26 50 9
26 62 14
26 63 21
26 67 22
26 81 -8
26 86 -2
26 87 5
26 90 -5
27 33 27
27 37 3
27 38 11
27 42 -30
27 46 -17
27 47 -8
27 53 -16
27 54 21
27 67 -5
27 74 -10
27 78 22
27 91 23
27 92 14
28 29 26
28 35 15
28 39 27
28 41 -21
28 50 -27
28 51 -23
28 60 27
28 73 -15
28 76 -18
28 84 19
28 85 17
28 86 -29
28 88 -13
28 95 8
29 36 -23
29 37 23
29 39 -26
29 40 -5
29 42 -5
29 43 -2
29 46 -12
29 55 -22
29 69 5
29 73 18
29 76 -20
29 77 -22
29 78 10
29 82 -14
29 83 -5
29 85 18
29 88 -8
29 93 -20
29 94 -13
29 96 -16
29 98 -6
30 32 15
30 37 -17
30 39 -30
30 45 23
30 46 24
30 49 30
30 50 4
30 53 -26
30 56 14
30 59 20
30 64 -20
30 67 -24
30 70 -26
30 71 -13
30 73 -28
30 81 -28
30 83 -7
31 32 -14
31 34 17
31 53 -14
31 56 4
31 59 9
31 60 20
31 64 14
31 65 7
31 74 28
31 76 -27
31 82 -26
31 85 18
31 88 -8
31 90 24
31 93 3
31 97 -29
31 98 -20
31 99 -12
32 34 19
32 39 12
32 44 -14
32 53 -5
32 60 -9
32 74 20
32 75 -30
32 79 -11
32 83 -28
32 87 -8
32 99 -11
33 34 3
33 38 20
33 41 20
33 43 29
33 45 6
33 55 -12
33 63 -2
33 66 8
33 67 -4
33 73 -10
33 77 8
33 79 23
33 82 11
33 85 25
34 42 22
34 44 24
34 48 -14
34 49 8
34 50 -7
34 51 -6
34 52 19
34 53 -12
34 59 6
34 62 -30
34 69 4
34 71 -18
34 72 -24
34 73 -19
34 75 -22
34 77 23
34 78 18
34 86 -2
34 88 -7
34 92 -22
34 93 -14
34 96 -2
34 99 25
35 37 -24
35 42 16
35 45 -7
35 99 3
36 40 -27
36 46 -30
36 48 -10
36 49 -25
36 50 14
36 55 8
36 57 16
36 59 27
36 64 -27
36 66 -16
36 70 -10
36 71 6
36 74 -2
36 75 -29
36 77 25
36 85 -3
36 86 15
36 92 30
36 93 24
37 38 11
37 39 13
37 45 -23
37 50 22
37 52 22
37 61 -15
37 62 -28
37 67 11
37 73 -5
37 74 -12
37 76 -18
37 78 11
37 91 -4
38 40 23
38 45 -5
38 46 28
38 51 30
38 53 4
38 56 14
38 57 -28
38 65 24
38 67 -5
38 68 18
38 72 -13
38 85 16
38 87 29
38 93 6
38 99 24
39 40 6
39 41 15
39 43 5
39 49 -16
39 59 -7
39 60 -7
39 64 -5
39 70 -30
39 78 -22
39 87 -20
39 90 4
39 99 19
40 76 -15
40 97 5
41 43 -19
41 44 19
41 46 14
41 48 -29
41 49 30
41 51 30
41 55 21
41 60 5
41 63 -28
41 69 -13
41 71 -25
41 73 25
41 74 -12
41 76 -14
41 77 -5
41 79 18
41 81 -16
41 82 9
41 88 -17
41 89 -23
41 90 -15
42 47 23
42 51 27
42 53 -26
42 57 9
42 59 13
42 63 -12
42 64 9
42 69 14
42 74 6
42 83 7
42 95 -12
43 49 26
43 52 -11
43 56 -14
43 57 -15
43 62 9
43 70 19
43 88 -4
43 96 -12
43 98 18
44 45 9
44 46 30
44 58 29
44 62 -2
44 66 14
44 67 6
44 71 2
44 72 19
44 80 19
44 89 8
44 91 15
45 55 -3
45 64 -2
45 65 -11
45 87 3
45 88 -2
45 95 11
45 96 15
46 51 -16
46 57 6
46 63 -15
46 66 -4
46 67 4
46 68 4
46 75 3
46 78 -11
46 79 -19
47 55 -11
47 56 -26
47 57 -10
47 60 -8
47 61 22
47 67 22
47 75 13
47 93 24
47 96 10
48 65 -24
48 66 12
48 73 25
48 77 -6
48 79 11
48 80 25
48 81 -16
48 83 -15
48 91 -15
49 56 23
49 64 -30
49 75 -7
49 81 -11
50 54 12
50 55 7
50 56 4
50 59 -16
50 61 -28
50 87 -21
50 88 -14
51 52 -10
51 54 19
51 57 -13
51 60 6
51 66 4
51 72 -20
51 88 -26
52 54 15
52 64 -10
52 65 22
52 68 -12
52 77 26
52 83 -16
52 84 -30
52 96 -3
53 54 -20
53 58 7
53 65 24
53 70 -26
53 71 22
53 79 20
53 82 20
53 90 -5
53 92 27
54 58 -2
54 59 -24
54 61 13
54 69 12
54 70 21
54 75 -19
54 78 22
54 80 -16
54 82 15
54 97 5
54 98 -18
55 66 30
55 72 -24
55 92 -29
55 94 20
56 72 2
56 78 29
57 61 -14
57 64 -27
57 72 12
57 78 6
57 79 22
57 83 -25
57 86 -16
57 87 11
57 99 -26
58 69 -30
58 70 21
58 71 17
58 73 30
58 91 -18
58 93 4
59 62 21
59 68 26
59 82 -5
59 94 21
59 98 2
60 87 -29
60 90 2
61 63 -14
61 64 20
61 69 -14
61 82 -24
61 92 2
61 94 -29
62 66 12
62 67 -2
62 79 -13
62 84 11
62 89 -26
62 97 18
62 99 23
63 70 25
63 71 -9
63 72 12
63 74 16
63 80 16
63 85 -20
64 67 -24
64 71 -8
64 83 23
64 87 14
65 84 21
65 92 29
66 68 9
66 79 -20
67 90 29
67 92 21
67 94 -7
67 97 -2
68 85 -16
68 97 -27
69 77 -8
69 78 21
69 86 6
70 95 -12
71 76 -6
71 95 16
72 82 -14
72 89 15
73 92 -23
74 88 -14
75 80 -28
75 89 3
76 80 2
76 96 -8
76 97 -11
76 98 -13
77 89 28
77 94 -12
78 86 -17
79 83 27
79 89 9
79 95 29
80 83 -13
80 91 6
80 94 -14
82 93 10
83 89 -19
83 98 21
85 88 16
85 89 21
85 98 8
86 91 -30
86 92 26
86 93 28
86 97 -22
86 99 21
89 95 -9
90 99 -12
91 97 25
92 99 20
95 97 -13
-1
-6303
