ba_100_10
100
3
10
-4
3
7
-8
-5
10
2
-4
-4
8
2
-2
-9
-9
-4
4
6
7
-10
-2
9
6
-3
2
-10
-2
-3
3
-5
9
-7
-10
5
-2
8
9
8
-9
-9
4
9
10
7
7
3
7
7
6
-7
2
7
8
-6
9
5
3
-9
3
3
3
9
8
-2
6
5
-7
-4
-4
-10
2
2
-4
-5
9
9
7
8
-10
-5
9
-2
7
6
10
-4
-9
2
10
-3
-6
6
8
6
-6
9
-8
7
-8
0 1 -9
0 2 3
0 3 -9
0 4 -2
0 5 3
0 6 -8
0 7 4
0 8 6
0 9 4
0 10 -7
0 11 6
0 12 2
0 13 3
0 14 -9
0 15 -6
0 16 8
0 17 9
0 18 -2
0 19 -2
0 20 9
0 22 8
0 23 7
0 28 -7
0 29 4
0 31 -10
0 35 2
0 36 -4
0 37 7
0 38 4
0 39 2
0 40 9
0 42 2
0 48 -8
0 52 10
0 54 -7
0 57 5
0 60 -10
0 63 -9
0 65 -4
0 71 4
0 72 -8
0 74 -3
0 79 -8
0 80 -2
0 82 -3
0 86 -8
0 94 7
0 96 -7
0 99 -3
1 14 -4
1 15 -9
1 16 -2
1 17 -4
1 18 -6
1 19 10
1 20 -5
1 21 -10
1 23 -5
1 25 7
1 26 -8
1 27 -8
1 30 -8
1 31 3
1 36 -8
1 38 -8
1 42 2
1 47 4
1 52 2
1 54 -9
1 58 3
1 60 -7
1 61 -2
1 65 -6
1 81 -3
1 84 7
1 96 -7
1 98 -2
2 14 -2
2 15 8
2 16 9
2 17 -9
2 18 9
2 19 6
2 22 9
2 23 6
2 24 5
2 25 7
2 26 2
2 30 3
2 32 9
2 33 7
2 38 4
2 40 7
2 41 8
2 43 7
2 51 6
2 53 -3
2 54 3
2 55 -3
2 61 -6
2 62 5
2 68 -8
2 72 2
2 74 -9
2 76 -10
2 77 9
2 78 -8
2 81 6
2 83 2
2 89 5
2 93 9
2 95 -6
2 97 5
3 15 -8
3 17 4
3 21 -3
3 22 -6
3 28 5
3 29 -5
3 33 7
3 36 -3
3 40 8
3 44 3
3 46 5
3 48 3
3 50 -8
3 52 -8
3 58 8
3 65 2
3 68 5
3 87 -4
3 90 7
4 14 -4
4 15 -9
4 16 9
4 17 10
4 19 4
4 21 9
4 22 -8
4 24 6
4 25 -4
4 26 7
4 27 2
4 28 -10
4 29 -5
4 31 -6
4 33 3
4 34 -2
4 37 -7
4 38 -10
4 53 3
4 60 4
4 66 10
4 68 2
4 69 -3
4 70 -4
4 79 -8
4 82 6
4 89 -9
4 91 -8
4 92 -9
4 93 -7
4 98 -6
5 14 -10
5 15 6
5 16 -5
5 18 -6
5 19 -5
5 21 -8
5 22 6
5 25 -6
5 26 6
5 27 -3
5 34 6
5 36 -5
5 41 4
5 75 5
5 84 -8
5 95 10
6 14 8
6 15 2
6 17 -4
6 18 -10
6 19 2
6 22 2
6 23 6
6 24 5
6 25 -4
6 26 3
6 28 -5
6 31 3
6 32 9
6 42 9
6 45 -8
6 46 -8
6 49 10
6 54 7
6 55 -10
6 63 2
6 70 -10
6 86 6
6 91 -3
6 99 8
7 14 9
7 15 10
7 16 -5
7 17 6
7 18 8
7 19 -7
7 20 -10
7 24 7
7 26 -3
7 28 -5
7 29 10
7 30 -4
7 35 7
7 36 -7
7 40 6
7 41 -7
7 49 4
7 52 7
7 53 -8
7 55 2
7 57 -8
7 58 -6
7 59 10
7 61 -10
7 69 -7
7 70 9
7 80 -3
7 90 4
7 95 4
8 14 -4
8 16 8
8 17 5
8 18 8
8 20 4
8 21 7
8 22 -8
8 23 10
8 26 8
8 27 -4
8 29 9
8 30 5
8 31 10
8 32 2
8 33 5
8 35 10
8 36 3
8 37 -8
8 44 -4
8 62 7
8 64 4
8 65 -7
8 66 8
8 68 9
8 73 -9
8 77 -8
8 81 -2
8 84 -7
8 87 10
8 89 -7
8 92 -3
8 97 -5
9 14 8
9 15 -4
9 16 -8
9 19 5
9 20 -7
9 23 9
9 24 -10
9 27 8
9 30 -9
9 32 3
9 33 -6
9 39 6
9 41 5
9 44 -10
9 45 9
9 47 3
9 48 -4
9 62 -4
9 74 -8
9 75 -10
9 87 -10
9 90 -6
9 98 -9
10 14 -2
10 16 -4
10 20 7
10 22 -9
10 25 9
10 28 -8
10 32 -9
10 35 -2
10 43 3
10 58 9
10 62 2
10 84 2
10 85 6
10 94 -10
10 96 -6
11 14 3
11 15 3
11 16 3
11 17 2
11 18 -2
11 23 -3
11 27 4
11 29 2
11 32 -4
11 33 -9
11 34 8
11 35 9
11 36 5
11 37 3
11 39 4
11 41 2
11 48 8
11 51 -2
11 52 6
11 59 5
11 60 -2
11 63 2
11 81 -3
11 82 -7
11 85 2
12 14 9
12 15 -9
12 17 8
12 18 8
12 21 -4
12 24 -8
12 25 -7
12 30 7
12 43 2
12 46 -4
12 55 8
12 57 6
12 69 10
12 70 -5
12 80 10
12 95 -4
13 14 5
13 15 2
13 16 3
13 20 2
13 21 9
13 23 10
13 32 6
13 36 10
13 38 -9
13 45 8
13 47 2
13 57 -4
13 63 7
13 76 7
13 90 -9
14 15 -5
14 16 -4
14 17 8
14 18 -7
14 19 -4
14 20 -8
14 21 3
14 23 -6
14 25 5
14 27 -8
14 28 4
14 29 -2
14 31 10
14 33 5
14 34 4
14 35 -9
14 36 7
14 37 -4
14 38 4
14 41 -7
14 42 4
14 43 3
14 49 4
14 50 -2
14 56 2
14 58 -6
14 65 10
14 66 8
14 69 9
14 74 8
14 76 -4
14 78 -6
14 79 5
14 80 -9
14 88 3
14 91 5
14 97 -6
15 16 8
15 17 5
15 18 6
15 19 -7
15 20 -2
15 21 -9
15 22 -4
15 23 -7
15 25 -4
15 29 6
15 30 -5
15 31 2
15 34 -4
15 35 3
15 38 -5
15 41 3
15 43 -8
15 44 6
15 47 -4
15 48 2
15 49 8
15 50 -2
15 51 2
15 52 7
15 61 -9
15 62 5
15 63 -4
15 64 -10
15 68 4
15 69 -7
15 72 3
15 74 -2
15 81 6
15 86 6
15 91 -5
15 92 7
16 17 -2
16 18 9
16 19 7
16 20 -7
16 21 9
16 22 -3
16 24 -9
16 25 -9
16 26 9
16 27 -4
16 30 2
16 31 3
16 38 -8
16 39 3
16 42 -4
16 43 9
16 44 -7
16 45 -2
16 47 -4
16 50 -6
16 51 8
16 52 -4
16 54 -6
16 55 -7
16 56 3
16 61 7
16 67 5
16 71 -9
16 72 5
16 91 -7
16 94 -8
17 18 7
17 19 4
17 20 -7
17 24 -9
17 26 7
17 27 -10
17 30 4
17 32 2
17 34 3
17 37 6
17 39 2
17 43 5
17 46 -6
17 48 -7
17 50 -9
17 51 8
17 52 -6
17 56 -10
17 59 -3
17 60 -2
17 72 -2
17 73 3
17 78 -4
17 81 -4
17 85 -2
17 90 -3
17 95 -10
18 19 3
18 20 6
18 21 -9
18 22 -10
18 23 -3
18 24 -3
18 25 3
18 26 -5
18 27 -7
18 28 9
18 30 -5
18 31 -2
18 32 -9
18 33 10
18 35 -2
18 39 -9
18 40 6
18 41 6
18 45 3
18 47 6
18 48 -2
18 50 3
18 57 6
18 62 5
18 63 -4
18 77 -7
18 84 4
18 85 -4
19 20 -8
19 21 5
19 22 -2
19 23 -10
19 24 -5
19 26 10
19 28 8
19 29 8
19 30 10
19 31 7
19 33 2
19 34 2
19 35 -10
19 36 5
19 37 7
19 42 2
19 47 -10
19 52 8
19 56 3
19 58 -4
19 62 8
19 66 2
19 67 -3
19 73 6
19 76 4
19 77 -5
19 80 3
19 84 -2
19 85 9
19 86 3
19 94 -4
20 21 5
20 22 3
20 25 5
20 26 -5
20 28 -7
20 29 -10
20 32 -2
20 33 -10
20 37 -7
20 39 -7
20 40 8
20 42 4
20 44 -9
20 46 10
20 49 2
20 51 5
20 53 -10
20 54 9
20 56 -7
20 58 6
20 59 10
20 60 8
20 65 6
20 68 3
20 76 2
20 79 -6
20 83 -3
20 84 -6
20 88 -4
20 89 -7
20 90 3
20 96 -6
21 24 9
21 25 3
21 26 4
21 27 -8
21 28 5
21 30 -7
21 31 -4
21 33 -2
21 34 -8
21 35 -5
21 38 -6
21 43 7
21 44 -5
21 46 10
21 54 -10
21 58 -9
21 61 -7
21 64 -9
21 66 -3
21 75 -9
21 80 2
21 81 9
21 84 2
21 86 -10
21 87 3
21 94 2
21 95 10
22 23 -4
22 24 -2
22 28 2
22 29 -10
22 31 7
22 36 2
22 38 -6
22 40 -4
22 41 4
22 42 2
22 44 3
22 47 10
22 48 7
22 51 8
22 53 -10
22 54 -7
22 55 10
22 57 5
22 58 3
22 59 9
22 68 -8
22 69 2
22 71 -8
22 73 -10
22 75 -10
22 93 -10
22 98 7
23 24 3
23 30 -6
23 32 -7
23 34 5
23 35 -8
23 36 -4
23 37 9
23 40 -3
23 44 -6
23 47 -7
23 48 -5
23 56 10
23 61 4
23 63 2
23 68 -7
23 71 -3
23 82 10
23 83 7
23 84 -8
23 91 -4
23 96 -6
23 98 -3
24 27 4
24 28 7
24 29 -2
24 34 -7
24 41 10
24 43 10
24 45 4
24 50 -5
24 61 -6
24 75 -7
24 93 9
24 96 -6
25 27 -7
25 35 -4
25 39 10
25 42 7
25 45 9
25 47 9
25 48 9
25 49 -2
25 53 -6
25 58 -2
25 65 10
25 70 4
25 75 -2
25 76 6
25 77 2
25 80 5
25 81 -3
25 86 -9
25 94 7
26 31 -9
26 33 9
26 40 -8
26 44 -3
26 47 2
26 49 -10
26 50 8
26 62 -2
26 63 10
26 67 -6
26 81 7
26 86 -3
26 87 9
26 90 -7
27 33 2
27 37 -10
27 38 2
27 42 7
27 46 -9
27 47 10
27 53 -7
27 54 2
27 67 4
27 74 -2
27 78 -5
27 91 -3
27 92 -9
28 29 10
28 35 8
28 39 -3
28 41 7
28 50 3
28 51 2
28 60 -5
28 73 7
28 76 -6
28 84 -7
28 85 5
28 86 -5
28 88 4
28 95 7
29 36 7
29 37 2
29 39 -8
29 40 -8
29 42 8
29 43 -5
29 46 -10
29 55 -5
29 69 -5
29 73 -3
29 76 -7
29 77 -5
29 78 -7
29 82 -5
29 83 -7
29 85 2
29 88 7
29 93 -4
29 94 -7
29 96 3
29 98 -8
30 32 4
30 37 4
30 39 -2
30 45 -8
30 46 6
30 49 -7
30 50 7
30 53 -7
30 56 2
30 59 -4
30 64 10
30 67 -7
30 70 2
30 71 -7
30 73 -6
30 81 3
30 83 -4
31 32 6
31 34 5
31 53 5
31 56 -9
31 59 7
31 60 8
31 64 -5
31 65 3
31 74 9
31 76 5
31 82 5
31 85 8
31 88 -4
31 90 6
31 93 -4
31 97 -2
31 98 -4
31 99 -4
32 34 6
32 39 7
32 44 -6
32 53 2
32 60 5
32 74 6
32 75 -8
32 79 9
32 83 8
32 87 6
32 99 9
33 34 -6
33 38 -2
33 41 3
33 43 7
33 45 7
33 55 -6
33 63 3
33 66 2
33 67 6
33 73 -3
33 77 5
33 79 -2
33 82 6
33 85 -5
34 42 8
34 44 6
34 48 5
34 49 -5
34 50 5
34 51 6
34 52 2
34 53 7
34 59 -6
34 62 3
34 69 -8
34 71 4
34 72 9
34 73 -5
34 75 -6
34 77 -10
34 78 9
34 86 2
34 88 10
34 92 -6
34 93 -7
34 96 -10
34 99 -4
35 37 4
35 42 -3
35 45 -8
35 99 10
36 40 9
36 46 -8
36 48 8
36 49 -7
36 50 -10
36 55 -3
36 57 6
36 59 -10
36 64 -9
36 66 9
36 70 9
36 71 5
36 74 -4
36 75 -8
36 77 -3
36 85 -2
36 86 -8
36 92 -9
36 93 3
37 38 2
37 39 -7
37 45 -6
37 50 10
37 52 7
37 61 9
37 62 -7
37 67 -4
37 73 -2
37 74 7
37 76 5
37 78 3
37 91 5
38 40 -7
38 45 -6
38 46 -9
38 51 -2
38 53 6
38 56 -6
38 57 -8
38 65 -10
38 67 -7
38 68 3
38 72 6
38 85 -4
38 87 5
38 93 -8
38 99 3
39 40 -8
39 41 -4
39 43 8
39 49 10
39 59 -7
39 60 -2
39 64 3
39 70 -7
39 78 8
39 87 -6
39 90 -9
39 99 9
40 76 5
40 97 5
41 43 3
41 44 8
41 46 2
41 48 4
41 49 5
41 51 -2
41 55 5
41 60 9
41 63 -5
41 69 9
41 71 3
41 73 -6
41 74 -8
41 76 10
41 77 -8
41 79 -2
41 81 -5
41 82 -9
41 88 -7
41 89 -9
41 90 10
42 47 10
42 51 -2
42 53 -3
42 57 10
42 59 -6
42 63 5
42 64 -8
42 69 -8
42 74 10
42 83 6
42 95 -9
43 49 -3
43 52 -10
43 56 -4
43 57 -3
43 62 10
43 70 5
43 88 7
43 96 4
43 98 -4
44 45 10
44 46 -10
44 58 2
44 62 -3
44 66 2
44 67 10
44 71 -9
44 72 -2
44 80 -10
44 89 -5
44 91 -4
45 55 -2
45 64 6
45 65 3
45 87 -8
45 88 8
45 95 -3
45 96 3
46 51 10
46 57 -5
46 63 2
46 66 4
46 67 8
46 68 -4
46 75 -7
46 78 -8
46 79 -4
47 55 9
47 56 -4
47 57 7
47 60 9
47 61 8
47 67 -4
47 75 8
47 93 -6
47 96 9
48 65 5
48 66 -6
48 73 8
48 77 -5
48 79 -7
48 80 -3
48 81 3
48 83 -8
48 91 -8
49 56 4
49 64 4
49 75 -8
49 81 -5
50 54 9
50 55 -4
50 56 -8
50 59 5
50 61 6
50 87 9
50 88 10
51 52 -3
51 54 9
51 57 10
51 60 7
51 66 -3
51 72 2
51 88 -3
52 54 10
52 64 -8
52 65 -6
52 68 -7
52 77 7
52 83 2
52 84 10
52 96 10
53 54 -5
53 58 -7
53 65 -3
53 70 5
53 71 -5
53 79 10
53 82 -7
53 90 -7
53 92 7
54 58 -10
54 59 4
54 61 7
54 69 -4
54 70 5
54 75 6
54 78 10
54 80 -6
54 82 10
54 97 -9
54 98 -5
55 66 -4
55 72 -7
55 92 9
55 94 -2
56 72 -9
56 78 10
57 61 9
57 64 -6
57 72 7
57 78 7
57 79 10
57 83 -5
57 86 -6
57 87 3
57 99 -7
58 69 8
58 70 -5
58 71 7
58 73 -7
58 91 5
58 93 7
59 62 8
59 68 5
59 82 7
59 94 6
59 98 8
60 87 10
60 90 4
61 63 -8
61 64 10
61 69 -10
61 82 9
61 92 -7
61 94 5
62 66 7
62 67 -5
62 79 -8
62 84 5
62 89 4
62 97 -7
62 99 -8
63 70 4
63 71 10
63 72 8
63 74 -4
63 80 8
63 85 -6
64 67 10
64 71 2
64 83 -6
64 87 10
65 84 -9
65 92 7
66 68 6
66 79 6
67 90 -10
67 92 4
67 94 3
67 97 6
68 85 6
68 97 -7
69 77 -4
69 78 -8
69 86 5
70 95 8
71 76 10
71 95 5
72 82 -8
72 89 -4
73 92 -3
74 88 6
75 80 7
75 89 -7
76 80 -5
76 96 -9
76 97 -7
76 98 2
77 89 -6
77 94 -4
78 86 -3
79 83 2
79 89 8
79 95 -2
80 83 3
80 91 7
80 94 9
82 93 -4
83 89 4
83 98 2
85 88 2
85 89 -3
85 98 9
86 91 8
86 92 8
86 93 -5
86 97 8
86 99 -4
89 95 6
90 99 -9
91 97 10
92 99 7
95 97 -2
-1
-2392
