ba_100_100
100
-16
59
-50
-42
69
79
28
82
-59
-54
-28
-32
-80
-91
-28
-8
68
-7
-67
14
-43
84
82
70
-20
-44
-3
48
-27
-91
16
28
18
-20
-98
-83
-15
97
58
-98
-55
11
-22
60
-55
45
-68
10
-89
-26
39
84
-85
-51
-65
-56
13
-74
6
-70
16
-68
-26
-9
27
3
-45
-30
-64
-86
-74
68
11
81
14
-64
-84
38
85
85
62
17
9
-10
-69
-38
79
-6
6
-96
47
77
-98
54
-63
-13
-58
17
-40
-96
0 1 -57
0 2 37
0 3 3
0 4 42
0 5 98
0 6 64
0 7 -27
0 8 74
0 9 32
0 10 -11
0 11 14
0 12 53
0 13 78
0 14 34
0 15 -85
0 16 26
0 17 -90
0 18 14
0 19 -50
0 20 91
0 22 -67
0 23 81
0 28 61
0 29 65
0 31 -2
0 35 65
0 36 31
0 37 7
0 38 -97
0 39 -96
0 40 -48
0 42 100
0 48 -12
0 52 -86
0 54 -54
0 57 -19
0 60 87
0 63 -77
0 65 63
0 71 74
0 72 81
0 74 -69
0 79 23
0 80 29
0 82 -17
0 86 66
0 94 17
0 96 -14
0 99 -42
1 14 72
1 15 21
1 16 -19
1 17 -74
1 18 -15
1 19 -72
1 20 -20
1 21 -87
1 23 71
1 25 -38
1 26 -96
1 27 -3
1 30 70
1 31 -17
1 36 -74
1 38 -86
1 42 30
1 47 -15
1 52 -76
1 54 41
1 58 -69
1 60 81
1 61 -9
1 65 48
1 81 22
1 84 26
1 96 -38
1 98 69
2 14 90
2 15 -81
2 16 -37
2 17 75
2 18 -87
2 19 35
2 22 -16
2 23 15
2 24 -67
2 25 93
2 26 -2
2 30 58
2 32 51
2 33 28
2 38 94
2 40 24
2 41 84
2 43 -38
2 51 23
2 53 68
2 54 87
2 55 96
2 61 61
2 62 -45
2 68 66
2 72 30
2 74 -54
2 76 -9
2 77 47
2 78 57
2 81 -31
2 83 5
2 89 67
2 93 94
2 95 -16
2 97 -39
3 15 -87
3 17 19
3 21 83
3 22 -64
3 28 -30
3 29 -55
3 33 -84
3 36 -61
3 40 55
3 44 14
3 46 17
3 48 92
3 50 -83
3 52 -71
3 58 7
3 65 -21
3 68 -23
3 87 14
3 90 81
4 14 11
4 15 -66
4 16 -30
4 17 -56
4 19 -16
4 21 -97
4 22 -42
4 24 29
4 25 76
4 26 -76
4 27 38
4 28 -45
4 29 17
4 31 62
4 33 -81
4 34 -46
4 37 -4
4 38 85
4 53 -89
4 60 -48
4 66 10
4 68 -2
4 69 73
4 70 19
4 79 -24
4 82 -36
4 89 84
4 91 -91
4 92 8
4 93 71
4 98 96
5 14 76
5 15 48
5 16 -68
5 18 -59
5 19 -88
5 21 55
5 22 98
5 25 68
5 26 -54
5 27 -53
5 34 -17
5 36 -16
5 41 47
5 75 100
5 84 -29
5 95 82
6 14 76
6 15 36
6 17 11
6 18 -90
6 19 -61
6 22 -60
6 23 -77
6 24 -99
6 25 26
6 26 84
6 28 -4
6 31 -94
6 32 -77
6 42 -67
6 45 -13
6 46 33
6 49 28
6 54 16
6 55 -80
6 63 -93
6 70 -46
6 86 -21
6 91 -29
6 99 -61
7 14 9
7 15 27
7 16 32
7 17 -31
7 18 -85
7 19 72
7 20 -23
7 24 20
7 26 7
7 28 80
7 29 32
7 30 -64
7 35 -38
7 36 -73
7 40 -60
7 41 -47
7 49 -37
7 52 36
7 53 9
7 55 -65
7 57 -2
7 58 -49
7 59 7
7 61 90
7 69 -70
7 70 -2
7 80 -2
7 90 -87
7 95 -11
8 14 77
8 16 75
8 17 18
8 18 -87
8 20 53
8 21 -96
8 22 75
8 23 -95
8 26 -33
8 27 -21
8 29 62
8 30 -75
8 31 61
8 32 -92
8 33 92
8 35 -33
8 36 11
8 37 -46
8 44 -86
8 62 59
8 64 18
8 65 54
8 66 -56
8 68 -2
8 73 19
8 77 30
8 81 -51
8 84 5
8 87 30
8 89 -79
8 92 -11
8 97 -23
9 14 -9
9 15 13
9 16 92
9 19 56
9 20 63
9 23 18
9 24 -8
9 27 -99
9 30 11
9 32 -52
9 33 -58
9 39 72
9 41 60
9 44 83
9 45 -19
9 47 27
9 48 -81
9 62 -92
9 74 68
9 75 -6
9 87 45
9 90 6
9 98 16
10 14 -21
10 16 -79
10 20 -18
10 22 -14
10 25 30
10 28 47
10 32 -57
10 35 -54
10 43 -36
10 58 -4
10 62 -4
10 84 -74
10 85 22
10 94 67
10 96 -50
11 14 91
11 15 81
11 16 3
11 17 -4
11 18 -66
11 23 -98
11 27 -64
11 29 -53
11 32 24
11 33 -66
11 34 16
11 35 3
11 36 -50
11 37 16
11 39 51
11 41 4
11 48 11
11 51 -8
11 52 -22
11 59 -19
11 60 -44
11 63 -35
11 81 91
11 82 -78
11 85 65
12 14 6
12 15 20
12 17 -88
12 18 -100
12 21 -36
12 24 16
12 25 85
12 30 -20
12 43 64
12 46 -26
12 55 -42
12 57 34
12 69 67
12 70 -52
12 80 -95
12 95 82
13 14 -50
13 15 -89
13 16 -39
13 20 89
13 21 44
13 23 98
13 32 -86
13 36 -78
13 38 -46
13 45 -40
13 47 -91
13 57 40
13 63 45
13 76 15
13 90 -12
14 15 -70
14 16 -2
14 17 -97
14 18 -95
14 19 -76
14 20 -89
14 21 -24
14 23 -67
14 25 -92
14 27 -5
14 28 -52
14 29 -36
14 31 -26
14 33 -55
14 34 -44
14 35 10
14 36 13
14 37 -99
14 38 -60
14 41 -6
14 42 -92
14 43 -75
14 49 91
14 50 -44
14 56 -58
14 58 -6
14 65 -12
14 66 -53
14 69 75
14 74 27
14 76 56
14 78 -94
14 79 5
14 80 20
14 88 -72
14 91 77
14 97 -63
15 16 -10
15 17 32
15 18 90
15 19 -95
15 20 -6
15 21 91
15 22 88
15 23 72
15 25 47
15 29 3
15 30 62
15 31 77
15 34 -94
15 35 -95
15 38 -12
15 41 -99
15 43 -57
15 44 -24
15 47 25
15 48 3
15 49 45
15 50 95
15 51 66
15 52 -33
15 61 89
15 62 19
15 63 -44
15 64 -61
15 68 -61
15 69 19
15 72 -36
15 74 77
15 81 14
15 86 81
15 91 -48
15 92 -14
16 17 -19
16 18 -95
16 19 -83
16 20 -50
16 21 51
16 22 -79
16 24 -34
16 25 28
16 26 38
16 27 -30
16 30 -34
16 31 -14
16 38 -86
16 39 7
16 42 23
16 43 -56
16 44 88
16 45 -8
16 47 44
16 50 -91
16 51 -76
16 52 -54
16 54 -72
16 55 -9
16 56 -72
16 61 -17
16 67 38
16 71 78
16 72 -80
16 91 63
16 94 -83
17 18 46
17 19 82
17 20 -3
17 24 -69
17 26 27
17 27 32
17 30 58
17 32 85
17 34 -5
17 37 -96
17 39 -36
17 43 73
17 46 -67
17 48 -32
17 50 -8
17 51 -20
17 52 61
17 56 -67
17 59 -100
17 60 -65
17 72 -39
17 73 51
17 78 85
17 81 -69
17 85 -77
17 90 -18
17 95 -47
18 19 53
18 20 36
18 21 10
18 22 89
18 23 63
18 24 74
18 25 -59
18 26 -8
18 27 60
18 28 -5
18 30 54
18 31 -18
18 32 64
18 33 98
18 35 76
18 39 57
18 40 55
18 41 -92
18 45 70
18 47 -36
18 48 83
18 50 -34
18 57 -77
18 62 81
18 63 11
18 77 77
18 84 37
18 85 -37
19 20 -42
19 21 -32
19 22 -95
19 23 -17
19 24 -95
19 26 -59
19 28 8
19 29 -12
19 30 -16
19 31 52
19 33 91
19 34 -96
19 35 -44
19 36 46
19 37 33
19 42 26
19 47 -39
19 52 -60
19 56 -61
19 58 -39
19 62 33
19 66 -29
19 67 -33
19 73 3
19 76 46
19 77 16
19 80 40
19 84 44
19 85 -88
19 86 -68
19 94 51
20 21 82
20 22 -53
20 25 51
20 26 6
20 28 81
20 29 -69
20 32 -47
20 33 -23
20 37 -10
20 39 -15
20 40 54
20 42 -13
20 44 -86
20 46 39
20 49 68
20 51 -22
20 53 100
20 54 -38
20 56 5
20 58 42
20 59 -77
20 60 9
20 65 32
20 68 50
20 76 57
20 79 72
20 83 -75
20 84 -33
20 88 64
20 89 72
20 90 60
20 96 54
21 24 40
21 25 47
21 26 -57
21 27 -49
21 28 -11
21 30 64
21 31 25
21 33 4
21 34 10
21 35 75
21 38 12
21 43 -32
21 44 -43
21 46 28
21 54 73
21 58 89
21 61 64
21 64 -48
21 66 78
21 75 -31
21 80 -73
21 81 -64
21 84 -3
21 86 39
21 87 -18
21 94 -14
21 95 -95
22 23 24
22 24 24
22 28 -31
22 29 85
22 31 -22
22 36 68
22 38 7
22 40 77
22 41 97
22 42 -67
22 44 87
22 47 -89
22 48 -38
22 51 24
22 53 7
22 54 24
22 55 56
22 57 53
22 58 -54
22 59 -21
22 68 -32
22 69 -34
22 71 -66
22 73 22
22 75 35
22 93 -83
22 98 -92
23 24 -53
23 30 81
23 32 81
23 34 97
23 35 -36
23 36 -77
23 37 -85
23 40 -100
23 44 -37
23 47 -35
23 48 100
23 56 -79
23 61 50
23 63 94
23 68 18
23 71 -56
23 82 -49
23 83 -22
23 84 57
23 91 72
23 96 -17
23 98 -86
24 27 83
24 28 -19
24 29 52
24 34 66
24 41 -72
24 43 -51
24 45 -51
24 50 -16
24 61 12
24 75 72
24 93 -32
24 96 74
25 27 -77
25 35 -90
25 39 38
25 42 -86
25 45 -94
25 47 60
25 48 55
25 49 62
25 53 -80
25 58 63
25 65 47
25 70 7
25 75 27
25 76 -74
25 77 -95
25 80 17
25 81 -69
25 86 51
25 94 71
26 31 -44
26 33 -4
26 40 -62
26 44 -99
26 47 31
26 49 -21
26 50 -9
26 62 -19
26 63 55
26 67 -92
26 81 81
26 86 -47
26 87 47
26 90 51
27 33 -20
27 37 -41
27 38 94
27 42 -71
27 46 30
27 47 -73
27 53 -26
27 54 31
27 67 66
27 74 20
27 78 40
27 91 55
27 92 -14
28 29 -14
28 35 79
28 39 57
28 41 56
28 50 51
28 51 -40
28 60 -86
28 73 59
28 76 -48
28 84 -91
28 85 3
28 86 -83
28 88 30
28 95 -92
29 36 99
29 37 -60
29 39 -32
29 40 84
29 42 -83
29 43 84
29 46 56
29 55 89
29 69 -81
29 73 -44
29 76 91
29 77 -88
29 78 44
29 82 41
29 83 -45
29 85 31
29 88 63
29 93 -38
29 94 -88
29 96 -77
29 98 -11
30 32 38
30 37 -32
30 39 -96
30 45 21
30 46 -60
30 49 69
30 50 -28
30 53 -61
30 56 41
30 59 -56
30 64 24
30 67 4
30 70 15
30 71 60
30 73 -33
30 81 -10
30 83 -55
31 32 -76
31 34 -33
31 53 90
31 56 -33
31 59 -93
31 60 -24
31 64 91
31 65 -64
31 74 75
31 76 21
31 82 58
31 85 -83
31 88 -86
31 90 -60
31 93 96
31 97 -37
31 98 -40
31 99 -61
32 34 -37
32 39 -36
32 44 -70
32 53 -99
32 60 -11
32 74 57
32 75 18
32 79 13
32 83 62
32 87 -11
32 99 -50
33 34 64
33 38 37
33 41 -98
33 43 85
33 45 86
33 55 -80
33 63 -85
33 66 72
33 67 28
33 73 -4
33 77 53
33 79 67
33 82 24
33 85 -68
34 42 -44
34 44 -9
34 48 -33
34 49 -78
34 50 10
34 51 52
34 52 -69
34 53 87
34 59 16
34 62 5
34 69 98
34 71 -74
34 72 -43
34 73 41
34 75 -68
34 77 38
34 78 -58
34 86 -56
34 88 -50
34 92 42
34 93 38
34 96 -87
34 99 56
35 37 99
35 42 86
35 45 -52
35 99 -29
36 40 -100
36 46 21
36 48 100
36 49 73
36 50 8
36 55 66
36 57 94
36 59 -67
36 64 61
36 66 83
36 70 -88
36 71 52
36 74 26
36 75 70
36 77 -42
36 85 -17
36 86 8
36 92 -29
36 93 29
37 38 49
37 39 -27
37 45 94
37 50 -56
37 52 -55
37 61 -100
37 62 71
37 67 10
37 73 -88
37 74 -37
37 76 79
37 78 -80
37 91 -40
38 40 22
38 45 18
38 46 -25
38 51 -89
38 53 47
38 56 -51
38 57 48
38 65 -98
38 67 3
38 68 -37
38 72 10
38 85 49
38 87 84
38 93 76
38 99 24
39 40 12
39 41 91
39 43 70
39 49 -43
39 59 87
39 60 -13
39 64 -78
39 70 55
39 78 -46
39 87 -47
39 90 -12
39 99 99
40 76 94
40 97 -86
41 43 -13
41 44 8
41 46 -36
41 48 63
41 49 70
41 51 33
41 55 -26
41 60 56
41 63 -96
41 69 -32
41 71 -40
41 73 48
41 74 10
41 76 -58
41 77 -48
41 79 -12
41 81 -98
41 82 20
41 88 -76
41 89 64
41 90 34
42 47 -9
42 51 8
42 53 95
42 57 47
42 59 -32
42 63 -72
42 64 -81
42 69 -58
42 74 57
42 83 91
42 95 66
43 49 -54
43 52 -58
43 56 -86
43 57 -8
43 62 57
43 70 72
43 88 39
43 96 4
43 98 -10
44 45 -22
44 46 -5
44 58 -26
44 62 50
44 66 -27
44 67 6
44 71 -23
44 72 41
44 80 62
44 89 -41
44 91 -83
45 55 32
45 64 93
45 65 90
45 87 38
45 88 -83
45 95 -22
45 96 -89
46 51 81
46 57 -52
46 63 39
46 66 98
46 67 -32
46 68 -94
46 75 -4
46 78 -41
46 79 76
47 55 -40
47 56 -9
47 57 75
47 60 89
47 61 43
47 67 34
47 75 80
47 93 -84
47 96 -56
48 65 -96
48 66 -38
48 73 95
48 77 42
48 79 -31
48 80 73
48 81 67
48 83 -91
48 91 55
49 56 -10
49 64 -25
49 75 49
49 81 15
50 54 -91
50 55 12
50 56 -21
50 59 74
50 61 20
50 87 79
50 88 -52
51 52 21
51 54 -53
51 57 31
51 60 -10
51 66 96
51 72 -99
51 88 48
52 54 -23
52 64 -15
52 65 -25
52 68 4
52 77 58
52 83 -27
52 84 -58
52 96 -15
53 54 -97
53 58 -99
53 65 -61
53 70 -99
53 71 -87
53 79 65
53 82 -97
53 90 -46
53 92 81
54 58 -66
54 59 -76
54 61 -63
54 69 7
54 70 -80
54 75 62
54 78 -14
54 80 41
54 82 100
54 97 -87
54 98 -99
55 66 24
55 72 -2
55 92 -76
55 94 51
56 72 14
56 78 85
57 61 -17
57 64 100
57 72 -9
57 78 -100
57 79 -42
57 83 -5
57 86 46
57 87 32
57 99 37
58 69 -57
58 70 12
58 71 -62
58 73 55
58 91 -30
58 93 64
59 62 45
59 68 50
59 82 25
59 94 -44
59 98 70
60 87 85
60 90 22
61 63 98
61 64 60
61 69 -51
61 82 2
61 92 -60
61 94 21
62 66 93
62 67 -41
62 79 35
62 84 76
62 89 -82
62 97 52
62 99 -24
63 70 58
63 71 -8
63 72 -100
63 74 51
63 80 -59
63 85 -21
64 67 -17
64 71 -15
64 83 18
64 87 -23
65 84 -2
65 92 52
66 68 -39
66 79 92
67 90 -26
67 92 88
67 94 -83
67 97 77
68 85 10
68 97 -98
69 77 44
69 78 -14
69 86 -34
70 95 19
71 76 -39
71 95 66
72 82 -53
72 89 89
73 92 -89
74 88 42
75 80 96
75 89 -77
76 80 -99
76 96 72
76 97 -89
76 98 -75
77 89 39
77 94 3
78 86 -37
79 83 -67
79 89 -85
79 95 73
80 83 -61
80 91 -72
80 94 -35
82 93 59
83 89 -9
83 98 -33
85 88 28
85 89 11
85 98 -23
86 91 88
86 92 -87
86 93 -84
86 97 17
86 99 -14
89 95 6
90 99 -22
91 97 37
92 99 -35
95 97 64
-1
-20599
