ba_100_60
100
-6
-9
10
54
53
5
-12
14
11
-23
-14
-10
57
-53
-19
45
7
52
-25
51
22
25
-16
52
13
31
29
-37
-39
29
-18
25
-7
34
-60
-7
2
33
13
23
-2
-27
50
37
-11
-3
-49
48
11
23
50
-9
17
34
4
15
-60
38
-6
-53
-26
-11
13
50
-54
-49
2
-3
-59
47
36
-5
7
-35
31
-23
-7
40
3
-51
-30
33
-44
47
36
-6
-25
44
32
16
-24
58
12
-54
9
41
6
-44
-29
-36
0 1 60
0 2 36
0 3 -19
0 4 18
0 5 48
0 6 57
0 7 10
0 8 -6
0 9 -60
0 10 22
0 11 -43
0 12 -22
0 13 -29
0 14 5
0 15 -28
0 16 -32
0 17 -37
0 18 50
0 19 56
0 20 -34
0 22 41
0 23 -3
0 28 8
0 29 -29
0 31 -10
0 35 24
0 36 -38
0 37 55
0 38 2
0 39 2
0 40 3
0 42 22
0 48 2
0 52 31
0 54 -53
0 57 20
0 60 -15
0 63 11
0 65 8
0 71 -9
0 72 54
0 74 -28
0 79 -50
0 80 6
0 82 -42
0 86 10
0 94 25
0 96 -10
0 99 -31
1 14 56
1 15 -55
1 16 51
1 17 -42
1 18 -3
1 19 43
1 20 -27
1 21 37
1 23 37
1 25 24
1 26 -58
1 27 -42
1 30 53
1 31 38
1 36 -25
1 38 -44
1 42 4
1 47 2
1 52 -12
1 54 -24
1 58 29
1 60 27
1 61 9
1 65 -22
1 81 -23
1 84 -9
1 96 18
1 98 -13
2 14 2
2 15 55
2 16 -28
2 17 -55
2 18 -6
2 19 -49
2 22 9
2 23 -31
2 24 -57
2 25 -56
2 26 -44
2 30 6
2 32 54
2 33 25
2 38 -10
2 40 -12
2 41 -6
2 43 31
2 51 -28
2 53 15
2 54 8
2 55 -9
2 61 -59
2 62 -39
2 68 58
2 72 -27
2 74 20
2 76 13
2 77 12
2 78 -8
2 81 17
2 83 43
2 89 -31
2 93 11
2 95 11
2 97 22
3 15 -51
3 17 -59
3 21 -9
3 22 60
3 28 52
3 29 29
3 33 49
3 36 5
3 40 47
3 44 -60
3 46 34
3 48 43
3 50 -51
3 52 11
3 58 -33
3 65 -21
3 68 29
3 87 28
3 90 50
4 14 -12
4 15 31
4 16 44
4 17 4
4 19 -56
4 21 14
4 22 -7
4 24 -44
4 25 8
4 26 34
4 27 25
4 28 -41
4 29 -28
4 31 -9
4 33 7
4 34 29
4 37 28
4 38 -52
4 53 -53
4 60 39
4 66 -25
4 68 -18
4 69 -20
4 70 -19
4 79 29
4 82 57
4 89 -20
4 91 2
4 92 30
4 93 -13
4 98 -43
5 14 -39
5 15 12
5 16 -18
5 18 -13
5 19 57
5 21 53
5 22 40
5 25 -4
5 26 24
5 27 -8
5 34 -43
5 36 -51
5 41 -16
5 75 -12
5 84 -49
5 95 -19
6 14 22
6 15 -5
6 17 22
6 18 -57
6 19 -28
6 22 -23
6 23 36
6 24 35
6 25 -40
6 26 -29
6 28 -39
6 31 -50
6 32 -24
6 42 41
6 45 40
6 46 -20
6 49 -9
6 54 20
6 55 41
6 63 -48
6 70 24
6 86 46
6 91 52
6 99 -23
7 14 57
7 15 -57
7 16 29
7 17 43
7 18 -42
7 19 -19
7 20 9
7 24 31
7 26 -34
7 28 9
7 29 -8
7 30 12
7 35 20
7 36 39
7 40 25
7 41 -10
7 49 4
7 52 58
7 53 -34
7 55 56
7 57 -3
7 58 -24
7 59 13
7 61 41
7 69 51
7 70 -16
7 80 29
7 90 40
7 95 54
8 14 -42
8 16 36
8 17 -59
8 18 -2
8 20 -2
8 21 12
8 22 -26
8 23 26
8 26 -40
8 27 2
8 29 58
8 30 -59
8 31 -10
8 32 38
8 33 13
8 35 16
8 36 -56
8 37 -44
8 44 60
8 62 58
8 64 -49
8 65 -17
8 66 48
8 68 -6
8 73 -53
8 77 -55
8 81 55
8 84 21
8 87 51
8 89 -21
8 92 -60
8 97 32
9 14 -31
9 15 57
9 16 -44
9 19 49
9 20 -6
9 23 50
9 24 -8
9 27 -22
9 30 -36
9 32 8
9 33 -46
9 39 -26
9 41 12
9 44 -42
9 45 37
9 47 53
9 48 -24
9 62 -11
9 74 -39
9 75 -4
9 87 -29
9 90 -25
9 98 -24
10 14 6
10 16 -26
10 20 -55
10 22 44
10 25 19
10 28 -18
10 32 -25
10 35 31
10 43 39
10 58 -19
10 62 -48
10 84 -5
10 85 57
10 94 14
10 96 21
11 14 -21
11 15 -17
11 16 -35
11 17 28
11 18 -29
11 23 -34
11 27 16
11 29 29
11 32 -56
11 33 12
11 34 -52
11 35 -21
11 36 55
11 37 13
11 39 41
11 41 -22
11 48 -10
11 51 39
11 52 26
11 59 30
11 60 3
11 63 44
11 81 -8
11 82 -13
11 85 -33
12 14 12
12 15 -20
12 17 37
12 18 27
12 21 -25
12 24 22
12 25 -28
12 30 3
12 43 -54
12 46 8
12 55 59
12 57 27
12 69 -6
12 70 12
12 80 -42
12 95 -14
13 14 -15
13 15 -22
13 16 -16
13 20 -7
13 21 32
13 23 -30
13 32 42
13 36 59
13 38 -20
13 45 -36
13 47 -39
13 57 2
13 63 -25
13 76 -37
13 90 -47
14 15 10
14 16 27
14 17 20
14 18 53
14 19 57
14 20 -42
14 21 -54
14 23 25
14 25 60
14 27 -12
14 28 -51
14 29 -32
14 31 -40
14 33 -59
14 34 23
14 35 -55
14 36 -31
14 37 -12
14 38 50
14 41 -52
14 42 6
14 43 -39
14 49 -30
14 50 46
14 56 4
14 58 51
14 65 24
14 66 5
14 69 -15
14 74 8
14 76 4
14 78 43
14 79 3
14 80 31
14 88 50
14 91 -18
14 97 20
15 16 -45
15 17 -40
15 18 9
15 19 -46
15 20 -24
15 21 26
15 22 2
15 23 -14
15 25 -50
15 29 3
15 30 16
15 31 -48
15 34 54
15 35 -54
15 38 -26
15 41 2
15 43 6
15 44 -51
15 47 38
15 48 -29
15 49 43
15 50 -32
15 51 -3
15 52 41
15 61 -45
15 62 -36
15 63 33
15 64 -18
15 68 -7
15 69 8
15 72 -33
15 74 48
15 81 20
15 86 14
15 91 -47
15 92 -35
16 17 54
16 18 13
16 19 46
16 20 56
16 21 -13
16 22 -4
16 24 60
16 25 -23
16 26 39
16 27 -5
16 30 10
16 31 -15
16 38 -10
16 39 58
16 42 48
16 43 -21
16 44 52
16 45 58
16 47 41
16 50 -9
16 51 36
16 52 -9
16 54 -25
16 55 -59
16 56 -24
16 61 54
16 67 12
16 71 16
16 72 37
16 91 54
16 94 44
17 18 46
17 19 -16
17 20 -2
17 24 -41
17 26 25
17 27 16
17 30 -8
17 32 -31
17 34 -23
17 37 51
17 39 -60
17 43 -38
17 46 -40
17 48 50
17 50 -45
17 51 24
17 52 3
17 56 54
17 59 -56
17 60 -7
17 72 6
17 73 -52
17 78 25
17 81 42
17 85 -57
17 90 -13
17 95 20
18 19 -4
18 20 -3
18 21 -58
18 22 3
18 23 24
18 24 -38
18 25 -28
18 26 39
18 27 -45
18 28 -40
18 30 -28
18 31 -24
18 32 -46
18 33 -57
18 35 41
18 39 40
18 40 46
18 41 -59
18 45 -51
18 47 -22
18 48 -16
18 50 20
18 57 -21
18 62 10
18 63 -35
18 77 -2
18 84 -32
18 85 19
19 20 -46
19 21 17
19 22 11
19 23 -14
19 24 -21
19 26 29
19 28 -37
19 29 51
19 30 31
19 31 57
19 33 -40
19 34 32
19 35 -56
19 36 -26
19 37 -49
19 42 39
19 47 -18
19 52 48
19 56 28
19 58 37
19 62 -24
19 66 29
19 67 19
19 73 -30
19 76 -15
19 77 -37
19 80 43
19 84 48
19 85 52
19 86 17
19 94 -5
20 21 -5
20 22 -23
20 25 -57
20 26 45
20 28 13
20 29 -25
20 32 -4
20 33 20
20 37 -4
20 39 -46
20 40 -59
20 42 -32
20 44 -55
20 46 -53
20 49 -29
20 51 -40
20 53 23
20 54 -46
20 56 -53
20 58 -5
20 59 -18
20 60 51
20 65 -27
20 68 -2
20 76 -38
20 79 -21
20 83 5
20 84 -18
20 88 47
20 89 -48
20 90 -18
20 96 28
21 24 6
21 25 -30
21 26 -31
21 27 -36
21 28 33
21 30 15
21 31 -24
21 33 4
21 34 -25
21 35 12
21 38 -45
21 43 -21
21 44 -44
21 46 15
21 54 -5
21 58 -32
21 61 -48
21 64 -14
21 66 -55
21 75 -48
21 80 51
21 81 -38
21 84 26
21 86 39
21 87 -2
21 94 55
21 95 39
22 23 -31
22 24 22
22 28 -15
22 29 -56
22 31 18
22 36 45
22 38 40
22 40 -7
22 41 51
22 42 -56
22 44 -24
22 47 -43
22 48 -30
22 51 -27
22 53 3
22 54 -42
22 55 -55
22 57 38
22 58 44
22 59 -50
22 68 -59
22 69 48
22 71 39
22 73 58
22 75 48
22 93 15
22 98 -57
23 24 15
23 30 11
23 32 59
23 34 -57
23 35 60
23 36 -23
23 37 -29
23 40 7
23 44 9
23 47 -54
23 48 -7
23 56 31
23 61 17
23 63 -57
23 68 9
23 71 50
23 82 -27
23 83 -28
23 84 10
23 91 -25
23 96 -52
23 98 42
24 27 -37
24 28 25
24 29 10
24 34 37
24 41 -53
24 43 14
24 45 -38
24 50 16
24 61 44
24 75 53
24 93 -48
24 96 -51
25 27 -5
25 35 26
25 39 9
25 42 -34
25 45 59
25 47 -39
25 48 -22
25 49 13
25 53 14
25 58 -4
25 65 6
25 70 11
25 75 -27
25 76 -20
25 77 -21
25 80 -51
25 81 17
25 86 5
25 94 57
26 31 -17
26 33 59
26 40 -31
26 44 -15
26 47 13
26 49 54
26 50 30
26 62 -45
26 63 5
26 67 -58
26 81 -10
26 86 50
26 87 -17
26 90 36
27 33 52
27 37 49
27 38 6
27 42 -34
27 46 12
27 47 57
27 53 -45
27 54 8
27 67 35
27 74 32
27 78 -38
27 91 -54
27 92 -49
28 29 -17
28 35 11
28 39 -17
28 41 -15
28 50 54
28 51 10
28 60 30
28 73 -9
28 76 20
28 84 29
28 85 -49
28 86 2
28 88 -28
28 95 -39
29 36 -26
29 37 -2
29 39 -29
29 40 -20
29 42 57
29 43 -12
29 46 16
29 55 -40
29 69 -11
29 73 33
29 76 -36
29 77 -24
29 78 -14
29 82 35
29 83 48
29 85 31
29 88 -53
29 93 23
29 94 12
29 96 20
29 98 -60
30 32 -49
30 37 -17
30 39 -34
30 45 39
30 46 -55
30 49 48
30 50 -15
30 53 40
30 56 -51
30 59 19
30 64 -11
30 67 16
30 70 -11
30 71 38
30 73 44
30 81 14
30 83 -17
31 32 -46
31 34 58
31 53 41
31 56 7
31 59 -22
31 60 49
31 64 4
31 65 -32
31 74 -30
31 76 -46
31 82 2
31 85 57
31 88 -33
31 90 -33
31 93 3
31 97 -35
31 98 -51
31 99 -5
32 34 -29
32 39 -25
32 44 45
32 53 -35
32 60 46
32 74 60
32 75 32
32 79 44
32 83 -41
32 87 -42
32 99 -12
33 34 -49
33 38 -60
33 41 6
33 43 55
33 45 -17
33 55 23
33 63 38
33 66 35
33 67 25
33 73 31
33 77 31
33 79 -49
33 82 -43
33 85 37
34 42 38
34 44 -4
34 48 -58
34 49 24
34 50 -36
34 51 -33
34 52 4
34 53 -31
34 59 -23
34 62 50
34 69 36
34 71 -33
34 72 37
34 73 44
34 75 27
34 77 10
34 78 -19
34 86 -3
34 88 8
34 92 -56
34 93 13
34 96 33
34 99 31
35 37 14
35 42 -31
35 45 -8
35 99 23
36 40 -27
36 46 5
36 48 -54
36 49 -29
36 50 -18
36 55 38
36 57 35
36 59 11
36 64 -5
36 66 45
36 70 7
36 71 -26
36 74 7
36 75 -4
36 77 59
36 85 35
36 86 7
36 92 -18
36 93 -8
37 38 34
37 39 35
37 45 49
37 50 -59
37 52 27
37 61 -51
37 62 32
37 67 7
37 73 -25
37 74 3
37 76 16
37 78 60
37 91 19
38 40 46
38 45 -54
38 46 16
38 51 14
38 53 58
38 56 41
38 57 -36
38 65 36
38 67 -40
38 68 -56
38 72 -37
38 85 -24
38 87 -31
38 93 -10
38 99 -15
39 40 -5
39 41 9
39 43 24
39 49 -19
39 59 -33
39 60 -55
39 64 52
39 70 51
39 78 5
39 87 4
39 90 -7
39 99 -29
40 76 -31
40 97 -11
41 43 30
41 44 5
41 46 15
41 48 30
41 49 -42
41 51 10
41 55 53
41 60 57
41 63 25
41 69 -15
41 71 46
41 73 51
41 74 3
41 76 57
41 77 -16
41 79 24
41 81 -46
41 82 6
41 88 -25
41 89 31
41 90 25
42 47 24
42 51 -5
42 53 29
42 57 31
42 59 40
42 63 28
42 64 31
42 69 -17
42 74 2
42 83 -51
42 95 23
43 49 26
43 52 -35
43 56 -20
43 57 6
43 62 -20
43 70 -12
43 88 -24
43 96 18
43 98 -19
44 45 34
44 46 53
44 58 -6
44 62 -13
44 66 6
44 67 -29
44 71 -23
44 72 9
44 80 15
44 89 56
44 91 31
45 55 22
45 64 17
45 65 52
45 87 59
45 88 -32
45 95 60
45 96 54
46 51 -8
46 57 -18
46 63 -8
46 66 -20
46 67 -10
46 68 -6
46 75 35
46 78 -49
46 79 -19
47 55 34
47 56 33
47 57 -23
47 60 30
47 61 6
47 67 -45
47 75 16
47 93 -49
47 96 11
48 65 -23
48 66 52
48 73 27
48 77 17
48 79 5
48 80 -14
48 81 -34
48 83 8
48 91 27
49 56 -5
49 64 45
49 75 -19
49 81 36
50 54 -13
50 55 11
50 56 3
50 59 22
50 61 -4
50 87 45
50 88 3
51 52 -10
51 54 -13
51 57 -15
51 60 -45
51 66 43
51 72 20
51 88 41
52 54 10
52 64 -26
52 65 -38
52 68 -35
52 77 -43
52 83 -48
52 84 26
52 96 45
53 54 45
53 58 37
53 65 54
53 70 44
53 71 -4
53 79 -8
53 82 -19
53 90 -14
53 92 50
54 58 -49
54 59 6
54 61 30
54 69 27
54 70 -28
54 75 -5
54 78 28
54 80 47
54 82 17
54 97 -4
54 98 32
55 66 -31
55 72 51
55 92 -5
55 94 -18
56 72 8
56 78 -33
57 61 29
57 64 60
57 72 -38
57 78 39
57 79 33
57 83 40
57 86 -22
57 87 -19
57 99 -59
58 69 -7
58 70 12
58 71 -20
58 73 18
58 91 55
58 93 25
59 62 9
59 68 4
59 82 37
59 94 -27
59 98 8
60 87 17
60 90 -48
61 63 27
61 64 -58
61 69 3
61 82 -31
61 92 -39
61 94 4
62 66 34
62 67 44
62 79 28
62 84 -50
62 89 -7
62 97 -9
62 99 27
63 70 -18
63 71 -27
63 72 -39
63 74 -43
63 80 -24
63 85 58
64 67 -2
64 71 33
64 83 24
64 87 -15
65 84 -15
65 92 35
66 68 43
66 79 -11
67 90 53
67 92 21
67 94 18
67 97 18
68 85 -2
68 97 54
69 77 -7
69 78 -45
69 86 -6
70 95 11
71 76 39
71 95 57
72 82 -6
72 89 -31
73 92 30
74 88 -36
75 80 5
75 89 60
76 80 38
76 96 -59
76 97 -44
76 98 -6
77 89 7
77 94 41
78 86 11
79 83 9
79 89 4
79 95 -8
80 83 -30
80 91 -58
80 94 -58
82 93 45
83 89 37
83 98 56
85 88 -39
85 89 -58
85 98 45
86 91 49
86 92 -39
86 93 -36
86 97 -51
86 99 8
89 95 20
90 99 15
91 97 55
92 99 39
95 97 -15
-1
-12540
