ba_20_60
20
34
56
51
59
20
-4
57
-41
-17
-59
45
-36
-6
-49
58
-20
-9
-45
5
4
0 1 -30
0 2 8
0 3 -35
0 4 27
0 5 38
0 6 23
0 7 58
0 8 56
0 9 16
0 10 56
0 11 42
0 12 54
0 13 45
0 15 -28
0 16 -35
0 17 -31
1 9 30
1 10 -41
1 11 9
1 13 -50
1 15 -60
1 19 -6
2 9 -15
2 10 -8
2 11 -52
2 13 -28
2 17 -41
2 18 6
3 9 -50
3 10 28
3 11 48
3 12 15
3 14 -55
3 15 16
3 16 -9
4 9 -22
4 11 26
4 14 55
5 9 -47
5 10 -14
5 12 40
5 14 -14
5 18 -30
6 9 53
6 10 14
6 12 -19
6 14 -48
6 16 -60
7 9 22
7 11 25
7 13 58
7 17 -20
8 10 -14
8 12 10
8 13 34
8 14 -51
8 17 43
9 10 -36
9 11 46
9 12 -2
9 13 13
9 14 -7
9 15 -55
9 16 18
9 18 -28
9 19 -13
10 11 -30
10 12 -45
10 13 -6
10 14 -27
10 15 7
10 16 -58
10 17 5
10 18 56
10 19 -52
11 12 26
11 13 -48
11 14 32
11 15 -55
11 18 -56
11 19 -23
12 15 22
12 16 33
12 17 -35
12 19 -35
13 15 -37
13 16 4
13 18 2
13 19 10
14 16 29
14 17 -49
14 18 -30
15 19 -31
16 17 -26
16 18 29
18 19 -30
-1
-1487
