ba_20_100
20
-88
-61
36
-51
98
-34
-68
88
22
74
60
43
60
54
-100
-52
80
28
28
51
0 1 18
0 2 31
0 3 -13
0 4 -26
0 5 95
0 6 25
0 7 51
0 8 -26
0 9 46
0 10 -89
0 11 -51
0 12 -58
0 13 -64
0 15 -7
0 16 49
0 17 51
1 9 -34
1 10 17
1 11 41
1 13 -45
1 15 34
1 19 72
2 9 23
2 10 12
2 11 5
2 13 -7
2 17 77
2 18 6
3 9 68
3 10 -24
3 11 -33
3 12 -47
3 14 85
3 15 -73
3 16 91
4 9 19
4 11 12
4 14 -66
5 9 27
5 10 22
5 12 100
5 14 -32
5 18 8
6 9 96
6 10 -17
6 12 -85
6 14 80
6 16 81
7 9 -12
7 11 82
7 13 -76
7 17 52
8 10 -39
8 12 17
8 13 99
8 14 10
8 17 -23
9 10 57
9 11 -80
9 12 30
9 13 -6
9 14 13
9 15 -45
9 16 80
9 18 -67
9 19 -69
10 11 9
10 12 46
10 13 25
10 14 62
10 15 50
10 16 52
10 17 24
10 18 -94
10 19 51
11 12 -18
11 13 -55
11 14 -72
11 15 -77
11 18 -63
11 19 -73
12 15 -87
12 16 35
12 17 -94
12 19 -78
13 15 64
13 16 -87
13 18 -31
13 19 81
14 16 11
14 17 34
14 18 48
15 19 2
16 17 85
16 18 -48
18 19 23
-1
-2721
