ba_20_30
20
-6
-7
9
-4
-29
22
9
2
22
2
-28
28
7
-2
-8
-12
7
28
6
-16
0 1 3
0 2 -26
0 3 19
0 4 -20
0 5 -24
0 6 30
0 7 -30
0 8 4
0 9 20
0 10 -24
0 11 8
0 12 -17
0 13 -5
0 15 -20
0 16 -9
0 17 7
1 9 22
1 10 6
1 11 4
1 13 -13
1 15 -22
1 19 -9
2 9 -26
2 10 9
2 11 30
2 13 -18
2 17 -13
2 18 3
3 9 -19
3 10 13
3 11 -27
3 12 -15
3 14 19
3 15 -28
3 16 6
4 9 29
4 11 14
4 14 9
5 9 15
5 10 -30
5 12 -22
5 14 -3
5 18 14
6 9 -19
6 10 19
6 12 14
6 14 -18
6 16 14
7 9 -27
7 11 13
7 13 13
7 17 22
8 10 25
8 12 30
8 13 12
8 14 -27
8 17 25
9 10 13
9 11 -5
9 12 -26
9 13 4
9 14 28
9 15 -27
9 16 22
9 18 -4
9 19 -5
10 11 29
10 12 22
10 13 21
10 14 -7
10 15 -27
10 16 14
10 17 -4
10 18 -6
10 19 -29
11 12 -8
11 13 12
11 14 -21
11 15 -12
11 18 14
11 19 29
12 15 -20
12 16 27
12 17 -16
12 19 9
13 15 -9
13 16 9
13 18 -15
13 19 6
14 16 -30
14 17 -26
14 18 2
15 19 -7
16 17 -27
16 18 -13
18 19 7
-1
-894
