ba_20_10
20
-6
6
4
4
4
4
-5
-3
-5
-3
-7
5
-2
-2
-8
-10
5
-9
-4
6
0 1 4
0 2 4
0 3 5
0 4 -2
0 5 7
0 6 4
0 7 6
0 8 -3
0 9 -3
0 10 -7
0 11 -3
0 12 7
0 13 -5
0 15 -4
0 16 -3
0 17 -8
1 9 -9
1 10 -4
1 11 10
1 13 10
1 15 -4
1 19 -8
2 9 2
2 10 -5
2 11 -4
2 13 -7
2 17 6
2 18 7
3 9 -8
3 10 -8
3 11 5
3 12 2
3 14 8
3 15 -2
3 16 2
4 9 -4
4 11 10
4 14 -2
5 9 5
5 10 -2
5 12 -7
5 14 6
5 18 8
6 9 10
6 10 -5
6 12 3
6 14 -7
6 16 10
7 9 2
7 11 -10
7 13 -10
7 17 -5
8 10 -9
8 12 -2
8 13 -10
8 14 2
8 17 9
9 10 -5
9 11 -5
9 12 8
9 13 10
9 14 -8
9 15 3
9 16 10
9 18 -6
9 19 -2
10 11 -8
10 12 -9
10 13 3
10 14 7
10 15 3
10 16 8
10 17 -3
10 18 2
10 19 7
11 12 -3
11 13 -4
11 14 -7
11 15 10
11 18 2
11 19 -3
12 15 2
12 16 -6
12 17 6
12 19 5
13 15 -5
13 16 -9
13 18 -6
13 19 9
14 16 -7
14 17 8
14 18 4
15 19 -8
16 17 -6
16 18 8
18 19 3
-1
-288
