ba_50_10
50
-5
-5
-4
-2
6
-2
8
-2
10
9
-4
2
10
4
-8
10
8
-3
-8
5
-8
9
-8
8
-6
4
-5
-6
-7
6
-2
10
10
3
3
8
-10
-10
3
2
8
-10
-7
4
-7
-10
2
5
10
7
0 1 -4
0 2 10
0 3 -8
0 4 9
0 5 2
0 6 3
0 7 -7
0 8 -9
0 9 -2
0 10 -8
0 11 9
0 12 -6
0 13 10
0 14 3
0 15 2
0 16 6
0 17 -2
0 18 -6
0 19 9
0 20 9
0 21 8
0 23 -9
0 25 -3
0 26 -7
0 27 2
0 29 -2
0 30 -6
0 32 6
0 34 9
0 37 2
0 39 2
0 42 7
0 43 -5
0 44 6
0 45 6
0 47 10
1 12 -7
1 15 -2
1 16 -2
1 18 -10
1 19 7
1 22 4
1 23 -7
1 24 6
1 25 -9
1 27 9
1 31 10
1 32 8
1 37 3
1 49 -4
2 12 10
2 13 10
2 16 4
2 21 7
2 24 2
2 25 -6
2 31 4
2 32 5
2 34 6
2 36 9
2 39 8
2 43 4
3 12 9
3 13 4
3 14 -7
3 17 -5
3 22 6
3 23 2
3 25 -6
3 30 -2
3 32 2
3 33 -5
3 34 7
3 37 7
3 38 -4
3 41 -5
3 46 7
3 48 -9
4 12 5
4 13 -10
4 14 -10
4 15 -4
4 16 -10
4 18 10
4 19 -3
4 20 2
4 21 7
4 24 -4
4 34 -4
4 46 7
4 49 -8
5 13 -4
5 15 -4
5 18 10
5 20 -2
5 28 -6
5 31 10
5 34 -2
5 35 7
5 37 4
5 38 7
5 47 -5
5 49 -3
6 12 -2
6 13 -3
6 14 5
6 15 -10
6 16 -6
6 17 2
6 20 -4
6 24 -5
6 25 -7
6 30 -9
6 31 -10
6 33 4
6 37 2
6 40 -7
6 48 -2
7 12 8
7 13 8
7 14 -3
7 15 7
7 19 4
7 21 -9
7 23 9
7 25 6
7 30 -5
7 33 -5
7 34 -4
7 35 -4
7 36 3
7 37 -6
7 38 5
7 39 -4
7 40 -6
7 48 7
7 49 3
8 12 -10
8 13 -2
8 14 -8
8 15 7
8 16 9
8 17 -8
8 18 -2
8 29 -10
8 32 -6
8 33 2
8 40 -7
8 42 -5
8 44 7
9 12 -10
9 13 9
9 14 9
9 17 3
9 20 5
9 26 7
9 27 8
9 31 10
9 32 -10
9 33 9
9 39 6
9 48 7
9 49 -8
10 12 9
10 13 -6
10 14 -2
10 18 -2
10 22 6
10 24 2
10 25 -6
10 27 -3
10 28 -5
10 29 -10
10 34 -2
10 35 2
10 40 10
10 45 4
11 12 -5
11 14 -6
11 15 -2
11 16 -3
11 17 7
11 20 -5
11 24 -2
11 26 -6
11 27 6
11 39 10
12 13 -5
12 14 3
12 15 10
12 16 5
12 17 5
12 18 5
12 19 -9
12 20 -3
12 22 10
12 23 3
12 24 -3
12 26 2
12 27 7
12 29 -7
12 31 5
12 33 -8
12 36 7
12 37 -7
12 38 -4
12 39 6
12 44 8
12 46 -7
12 47 -4
13 14 -5
13 15 7
13 16 8
13 17 -8
13 18 8
13 19 3
13 21 -3
13 22 -3
13 23 -8
13 26 7
13 28 -8
13 29 -10
13 35 -7
13 38 4
13 41 6
13 42 10
13 45 -8
13 47 3
14 15 -4
14 16 9
14 17 7
14 18 8
14 19 8
14 20 10
14 21 7
14 22 -6
14 23 -3
14 24 6
14 25 2
14 26 8
14 27 3
14 29 -3
14 30 -6
14 32 -10
14 33 -8
14 36 -4
14 37 -10
14 38 2
14 39 2
14 41 5
14 43 -2
14 44 8
14 46 5
14 49 -4
15 16 -10
15 17 7
15 18 7
15 19 3
15 20 6
15 21 5
15 22 2
15 23 -7
15 24 -5
15 25 7
15 26 4
15 28 2
15 31 -9
15 32 3
15 33 7
15 35 7
15 38 -6
15 41 -9
15 43 -9
15 44 -10
15 45 5
15 46 9
16 17 -9
16 19 -9
16 21 -8
16 22 9
16 23 2
16 26 -10
16 27 -9
16 28 5
16 30 -6
16 31 10
16 36 5
16 40 8
16 41 10
16 42 3
16 47 -2
16 49 -5
17 18 2
17 19 8
17 20 7
17 21 6
17 22 -8
17 28 3
17 29 -6
17 35 9
17 36 -5
17 37 -10
17 42 -9
17 43 7
18 19 -3
18 20 -7
18 22 -2
18 23 -7
18 25 2
18 30 5
18 31 2
18 36 -6
18 37 5
18 40 -5
18 41 -6
18 43 -9
18 44 2
19 21 -2
19 25 9
19 27 7
19 28 -8
19 34 2
19 42 -2
19 48 -5
20 21 -6
20 26 4
20 27 5
20 28 -5
20 34 -3
20 36 -6
21 22 -6
21 24 6
21 26 -8
21 28 7
21 29 6
21 30 8
21 31 9
21 32 -6
21 33 9
21 35 -7
21 38 -6
21 41 8
21 43 -9
21 44 7
21 48 -6
22 23 -4
22 24 6
22 28 8
22 29 -2
22 30 -2
22 35 2
22 39 -5
22 43 9
22 44 9
22 46 -9
22 48 -2
22 49 -10
23 30 -6
23 33 2
23 36 6
23 38 -7
23 48 -10
24 26 -2
24 29 8
24 30 9
24 36 6
24 47 -9
24 49 6
25 37 -7
25 42 6
25 45 -3
25 46 4
26 27 9
26 31 7
26 33 2
26 35 9
26 42 -10
26 44 -3
27 28 -7
27 32 -5
27 35 -9
27 40 -4
27 45 -9
27 46 -5
27 49 -10
28 29 7
28 32 -10
28 39 5
28 41 -7
28 48 8
29 34 -8
29 36 3
29 42 -6
29 44 3
29 45 4
30 38 -8
30 40 -4
30 41 -7
30 42 7
30 43 4
30 45 -2
30 46 4
30 47 5
31 40 5
31 41 -9
32 34 -8
32 47 -2
33 40 -10
33 48 -2
33 49 -2
34 35 9
34 38 2
34 42 -8
34 47 -3
35 41 3
35 47 -8
36 45 10
36 48 6
37 39 9
37 40 4
37 45 8
37 46 -5
38 39 8
38 43 6
38 44 5
39 46 -7
40 45 -8
42 43 6
44 47 4
-1
-1006
