ba_50_30
50
19
-4
-28
21
-3
3
25
-29
7
8
9
30
-21
30
-26
-22
-4
15
22
28
27
-29
21
21
-28
-14
8
15
-30
16
29
-22
28
-17
10
-13
-25
6
-17
27
15
-26
-12
-12
23
6
-29
11
30
2
0 1 -26
0 2 12
0 3 26
0 4 8
0 5 -9
0 6 -24
0 7 -5
0 8 -22
0 9 4
0 10 -30
0 11 -5
0 12 -15
0 13 -4
0 14 9
0 15 -27
0 16 21
0 17 29
0 18 16
0 19 3
0 20 27
0 21 -2
0 23 -5
0 25 25
0 26 -24
0 27 29
0 29 2
0 30 -21
0 32 2
0 34 -10
0 37 -28
0 39 -26
0 42 -15
0 43 -19
0 44 29
0 45 -18
0 47 -5
1 12 -11
1 15 -5
1 16 30
1 18 -8
1 19 -18
1 22 15
1 23 -15
1 24 -23
1 25 -14
1 27 30
1 31 -6
1 32 8
1 37 -26
1 49 5
2 12 -15
2 13 21
2 16 -19
2 21 -15
2 24 20
2 25 -9
2 31 -16
2 32 -28
2 34 24
2 36 13
2 39 -21
2 43 -30
3 12 -23
3 13 11
3 14 -27
3 17 6
3 22 -23
3 23 -16
3 25 4
3 30 11
3 32 -12
3 33 7
3 34 -29
3 37 24
3 38 -12
3 41 -27
3 46 -20
3 48 4
4 12 -30
4 13 -8
4 14 -10
4 15 6
4 16 -30
4 18 -28
4 19 2
4 20 5
4 21 11
4 24 2
4 34 -5
4 46 22
4 49 -30
5 13 23
5 15 14
5 18 -9
5 20 -20
5 28 -20
5 31 -23
5 34 -8
5 35 12
5 37 -27
5 38 28
5 47 17
5 49 -24
6 12 -26
6 13 -23
6 14 16
6 15 22
6 16 12
6 17 -24
6 20 30
6 24 11
6 25 13
6 30 11
6 31 25
6 33 18
6 37 -15
6 40 -29
6 48 -23
7 12 16
7 13 23
7 14 6
7 15 29
7 19 6
7 21 6
7 23 15
7 25 20
7 30 -5
7 33 27
7 34 5
7 35 29
7 36 22
7 37 -10
7 38 -29
7 39 30
7 40 30
7 48 5
7 49 -14
8 12 -2
8 13 -20
8 14 26
8 15 28
8 16 28
8 17 -11
8 18 25
8 29 22
8 32 -28
8 33 -20
8 40 -14
8 42 -17
8 44 -22
9 12 -22
9 13 -12
9 14 -14
9 17 9
9 20 -4
9 26 27
9 27 26
9 31 -6
9 32 18
9 33 -26
9 39 16
9 48 19
9 49 -4
10 12 28
10 13 -3
10 14 5
10 18 17
10 22 -9
10 24 14
10 25 -17
10 27 19
10 28 15
10 29 10
10 34 9
10 35 -28
10 40 26
10 45 16
11 12 -27
11 14 21
11 15 22
11 16 -12
11 17 -5
11 20 -28
11 24 -24
11 26 18
11 27 -11
11 39 23
12 13 -8
12 14 -6
12 15 -24
12 16 -15
12 17 6
12 18 -2
12 19 25
12 20 -30
12 22 19
12 23 17
12 24 -30
12 26 5
12 27 7
12 29 20
12 31 15
12 33 20
12 36 11
12 37 -21
12 38 25
12 39 -14
12 44 30
12 46 11
12 47 12
13 14 -12
13 15 15
13 16 26
13 17 28
13 18 9
13 19 -30
13 21 30
13 22 17
13 23 20
13 26 -29
13 28 -12
13 29 -4
13 35 -14
13 38 2
13 41 -17
13 42 10
13 45 -5
13 47 -15
14 15 12
14 16 -23
14 17 28
14 18 -28
14 19 -8
14 20 17
14 21 23
14 22 -27
14 23 -17
14 24 -29
14 25 -9
14 26 14
14 27 18
14 29 18
14 30 4
14 32 7
14 33 28
14 36 -5
14 37 -4
14 38 -26
14 39 9
14 41 18
14 43 30
14 44 18
14 46 12
14 49 -3
15 16 -29
15 17 19
15 18 12
15 19 6
15 20 -26
15 21 -30
15 22 -8
15 23 20
15 24 -15
15 25 -25
15 26 21
15 28 -24
15 31 -15
15 32 20
15 33 8
15 35 10
15 38 -18
15 41 7
15 43 9
15 44 -5
15 45 -20
15 46 -13
16 17 -24
16 19 7
16 21 -25
16 22 -10
16 23 3
16 26 17
16 27 -30
16 28 -10
16 30 2
16 31 4
16 36 -27
16 40 -16
16 41 -12
16 42 -7
16 47 28
16 49 -30
17 18 -30
17 19 -25
17 20 -7
17 21 -20
17 22 21
17 28 14
17 29 -4
17 35 21
17 36 -5
17 37 -5
17 42 11
17 43 -14
18 19 17
18 20 -27
18 22 21
18 23 21
18 25 -14
18 30 11
18 31 -18
18 36 28
18 37 -19
18 40 -3
18 41 16
18 43 10
18 44 -7
19 21 28
19 25 -22
19 27 -8
19 28 7
19 34 -21
19 42 13
19 48 2
20 21 17
20 26 -13
20 27 21
20 28 -12
20 34 -9
20 36 24
21 22 3
21 24 -6
21 26 2
21 28 9
21 29 7
21 30 -23
21 31 21
21 32 -24
21 33 -23
21 35 10
21 38 13
21 41 -18
21 43 17
21 44 -11
21 48 6
22 23 -25
22 24 28
22 28 4
22 29 -19
22 30 15
22 35 8
22 39 -22
22 43 -29
22 44 20
22 46 -20
22 48 -28
22 49 7
23 30 5
23 33 12
23 36 9
23 38 5
23 48 -8
24 26 26
24 29 -6
24 30 -13
24 36 -11
24 47 -14
24 49 9
25 37 -9
25 42 24
25 45 30
25 46 25
26 27 -9
26 31 17
26 33 -19
26 35 -17
26 42 -9
26 44 -10
27 28 -20
27 32 19
27 35 -28
27 40 10
27 45 -27
27 46 22
27 49 7
28 29 -22
28 32 -27
28 39 -28
28 41 13
28 48 -29
29 34 5
29 36 18
29 42 18
29 44 -20
29 45 -8
30 38 -10
30 40 15
30 41 25
30 42 -13
30 43 -13
30 45 -18
30 46 -25
30 47 -6
31 40 24
31 41 -14
32 34 -4
32 47 -5
33 40 20
33 48 21
33 49 -3
34 35 -7
34 38 -28
34 42 -24
34 47 12
35 41 4
35 47 2
36 45 13
36 48 -29
37 39 9
37 40 -20
37 45 -12
37 46 29
38 39 30
38 43 -6
38 44 -9
39 46 17
40 45 -15
42 43 -16
44 47 -23
-1
-3064
