ba_50_60
50
36
-21
-54
-10
27
30
59
37
48
59
29
-53
-3
-52
15
13
60
12
26
-42
-9
42
-9
-59
-18
-56
32
-59
-5
36
32
-56
10
-23
5
41
-22
55
-35
31
-8
19
13
40
-59
-12
47
55
55
-9
0 1 59
0 2 29
0 3 -47
0 4 15
0 5 8
0 6 8
0 7 -52
0 8 -22
0 9 45
0 10 -24
0 11 -59
0 12 -6
0 13 58
0 14 -3
0 15 -34
0 16 30
0 17 12
0 18 -54
0 19 -49
0 20 59
0 21 8
0 23 43
0 25 -40
0 26 32
0 27 -52
0 29 -54
0 30 -26
0 32 33
0 34 -50
0 37 47
0 39 41
0 42 -44
0 43 -51
0 44 -47
0 45 59
0 47 -28
1 12 41
1 15 -50
1 16 12
1 18 41
1 19 -23
1 22 -58
1 23 21
1 24 21
1 25 28
1 27 -11
1 31 57
1 32 -59
1 37 57
1 49 49
2 12 6
2 13 -18
2 16 39
2 21 -49
2 24 35
2 25 28
2 31 -2
2 32 -44
2 34 -12
2 36 -20
2 39 -45
2 43 17
3 12 -25
3 13 -6
3 14 -48
3 17 -26
3 22 44
3 23 -26
3 25 23
3 30 4
3 32 39
3 33 -22
3 34 10
3 37 15
3 38 -45
3 41 38
3 46 -27
3 48 -53
4 12 6
4 13 -60
4 14 43
4 15 -50
4 16 -14
4 18 47
4 19 -18
4 20 24
4 21 -3
4 24 45
4 34 47
4 46 12
4 49 -56
5 13 -19
5 15 29
5 18 37
5 20 36
5 28 -53
5 31 -19
5 34 27
5 35 34
5 37 -23
5 38 -31
5 47 2
5 49 32
6 12 -34
6 13 10
6 14 30
6 15 -13
6 16 -40
6 17 -49
6 20 15
6 24 -57
6 25 -47
6 30 57
6 31 48
6 33 49
6 37 -51
6 40 7
6 48 55
7 12 51
7 13 -56
7 14 -45
7 15 -54
7 19 54
7 21 53
7 23 18
7 25 46
7 30 -25
7 33 25
7 34 22
7 35 -47
7 36 -53
7 37 -2
7 38 -8
7 39 14
7 40 -48
7 48 52
7 49 -14
8 12 46
8 13 -26
8 14 14
8 15 -24
8 16 -31
8 17 -29
8 18 -10
8 29 25
8 32 -41
8 33 -33
8 40 -25
8 42 -39
8 44 27
9 12 -10
9 13 -52
9 14 -6
9 17 -17
9 20 -27
9 26 10
9 27 -59
9 31 10
9 32 8
9 33 21
9 39 -44
9 48 54
9 49 -17
10 12 -31
10 13 -17
10 14 -22
10 18 47
10 22 30
10 24 -51
10 25 35
10 27 26
10 28 -17
10 29 -16
10 34 29
10 35 17
10 40 -59
10 45 -25
11 12 51
11 14 33
11 15 35
11 16 60
11 17 -31
11 20 51
11 24 29
11 26 -42
11 27 21
11 39 55
12 13 17
12 14 -27
12 15 16
12 16 26
12 17 53
12 18 27
12 19 -12
12 20 16
12 22 4
12 23 34
12 24 -41
12 26 20
12 27 43
12 29 10
12 31 6
12 33 -26
12 36 26
12 37 42
12 38 -32
12 39 46
12 44 -33
12 46 -27
12 47 10
13 14 58
13 15 3
13 16 -4
13 17 -16
13 18 -46
13 19 25
13 21 29
13 22 21
13 23 19
13 26 -40
13 28 -43
13 29 36
13 35 8
13 38 41
13 41 51
13 42 -59
13 45 28
13 47 49
14 15 15
14 16 51
14 17 -50
14 18 21
14 19 40
14 20 25
14 21 53
14 22 -6
14 23 19
14 24 22
14 25 8
14 26 -60
14 27 36
14 29 57
14 30 -30
14 32 -57
14 33 -54
14 36 -6
14 37 55
14 38 -2
14 39 -35
14 41 -39
14 43 60
14 44 28
14 46 60
14 49 57
15 16 38
15 17 -6
15 18 -28
15 19 32
15 20 -21
15 21 -37
15 22 22
15 23 -56
15 24 -24
15 25 9
15 26 -8
15 28 57
15 31 7
15 32 -40
15 33 23
15 35 44
15 38 -49
15 41 45
15 43 43
15 44 -31
15 45 -12
15 46 -7
16 17 -58
16 19 2
16 21 -48
16 22 53
16 23 -11
16 26 14
16 27 -13
16 28 -46
16 30 -11
16 31 -6
16 36 10
16 40 -33
16 41 -11
16 42 -59
16 47 -9
16 49 16
17 18 37
17 19 -56
17 20 -51
17 21 36
17 22 23
17 28 -52
17 29 29
17 35 -58
17 36 27
17 37 -14
17 42 37
17 43 32
18 19 -13
18 20 26
18 22 -7
18 23 -53
18 25 -21
18 30 -38
18 31 -49
18 36 -30
18 37 -3
18 40 30
18 41 -7
18 43 21
18 44 7
19 21 -13
19 25 41
19 27 -55
19 28 8
19 34 -8
19 42 34
19 48 24
20 21 3
20 26 -21
20 27 -57
20 28 40
20 34 33
20 36 30
21 22 44
21 24 38
21 26 -12
21 28 14
21 29 -17
21 30 -57
21 31 44
21 32 43
21 33 -40
21 35 36
21 38 20
21 41 -38
21 43 8
21 44 6
21 48 -16
22 23 10
22 24 -35
22 28 39
22 29 -2
22 30 -49
22 35 20
22 39 27
22 43 -52
22 44 17
22 46 53
22 48 11
22 49 -44
23 30 19
23 33 -28
23 36 -24
23 38 38
23 48 34
24 26 14
24 29 59
24 30 60
24 36 2
24 47 38
24 49 34
25 37 -59
25 42 27
25 45 -51
25 46 2
26 27 -7
26 31 -56
26 33 3
26 35 42
26 42 19
26 44 13
27 28 22
27 32 -53
27 35 -36
27 40 7
27 45 -40
27 46 5
27 49 -8
28 29 51
28 32 -10
28 39 -24
28 41 -9
28 48 -35
29 34 16
29 36 28
29 42 39
29 44 -32
29 45 -41
30 38 29
30 40 -57
30 41 4
30 42 -16
30 43 11
30 45 20
30 46 -31
30 47 -40
31 40 55
31 41 34
32 34 19
32 47 -50
33 40 -5
33 48 -3
33 49 18
34 35 5
34 38 33
34 42 4
34 47 -44
35 41 -8
35 47 2
36 45 -45
36 48 -32
37 39 28
37 40 -35
37 45 -32
37 46 18
38 39 14
38 43 47
38 44 -49
39 46 -32
40 45 43
42 43 56
44 47 43
-1
-5473
