ba_50_100
50
59
8
-95
72
80
-19
36
11
4
-26
-98
-25
88
-15
-8
-60
-86
98
-6
32
54
-9
44
30
53
-25
-29
-52
77
-33
57
-8
-3
-62
-10
-90
-65
-15
82
32
-36
8
-79
-65
75
-94
30
45
-28
-56
0 1 42
0 2 -10
0 3 -12
0 4 -51
0 5 -2
0 6 -53
0 7 89
0 8 17
0 9 -80
0 10 -71
0 11 -41
0 12 82
0 13 15
0 14 88
0 15 -25
0 16 -93
0 17 13
0 18 32
0 19 21
0 20 -81
0 21 -100
0 23 -29
0 25 39
0 26 -52
0 27 40
0 29 -100
0 30 -96
0 32 11
0 34 -53
0 37 45
0 39 -95
0 42 80
0 43 -34
0 44 -97
0 45 67
0 47 -29
1 12 -7
1 15 48
1 16 2
1 18 -96
1 19 84
1 22 24
1 23 40
1 24 75
1 25 4
1 27 -49
1 31 -37
1 32 8
1 37 -41
1 49 99
2 12 3
2 13 -28
2 16 4
2 21 34
2 24 -28
2 25 13
2 31 -88
2 32 -40
2 34 95
2 36 -89
2 39 -55
2 43 98
3 12 23
3 13 13
3 14 76
3 17 20
3 22 63
3 23 -42
3 25 30
3 30 10
3 32 11
3 33 -4
3 34 46
3 37 -61
3 38 80
3 41 -87
3 46 -82
3 48 -34
4 12 47
4 13 67
4 14 26
4 15 -82
4 16 68
4 18 -39
4 19 -55
4 20 -8
4 21 -38
4 24 -71
4 34 -54
4 46 39
4 49 -21
5 13 -81
5 15 99
5 18 -70
5 20 -13
5 28 -74
5 31 31
5 34 -23
5 35 95
5 37 -59
5 38 -18
5 47 -40
5 49 -24
6 12 -41
6 13 -84
6 14 40
6 15 7
6 16 77
6 17 -74
6 20 81
6 24 17
6 25 96
6 30 11
6 31 46
6 33 46
6 37 -13
6 40 45
6 48 -27
7 12 -59
7 13 80
7 14 65
7 15 46
7 19 -20
7 21 39
7 23 30
7 25 -8
7 30 50
7 33 -74
7 34 -40
7 35 -26
7 36 66
7 37 -35
7 38 -96
7 39 -29
7 40 91
7 48 27
7 49 87
8 12 96
8 13 31
8 14 41
8 15 79
8 16 -7
8 17 -77
8 18 89
8 29 53
8 32 -42
8 33 20
8 40 -49
8 42 -37
8 44 -36
9 12 -90
9 13 48
9 14 -12
9 17 76
9 20 56
9 26 -79
9 27 -63
9 31 -32
9 32 -51
9 33 -43
9 39 -79
9 48 28
9 49 -33
10 12 -63
10 13 -20
10 14 -21
10 18 78
10 22 -25
10 24 86
10 25 -11
10 27 7
10 28 -19
10 29 63
10 34 -33
10 35 -82
10 40 -22
10 45 18
11 12 9
11 14 -50
11 15 -29
11 16 -38
11 17 43
11 20 35
11 24 67
11 26 -74
11 27 76
11 39 -53
12 13 -62
12 14 12
12 15 -26
12 16 -66
12 17 -86
12 18 -55
12 19 -34
12 20 19
12 22 43
12 23 56
12 24 9
12 26 37
12 27 -48
12 29 -14
12 31 11
12 33 -72
12 36 -6
12 37 -37
12 38 -47
12 39 83
12 44 -60
12 46 31
12 47 94
13 14 24
13 15 2
13 16 -95
13 17 -29
13 18 60
13 19 -7
13 21 78
13 22 40
13 23 69
13 26 -14
13 28 -76
13 29 -93
13 35 -83
13 38 3
13 41 -79
13 42 68
13 45 -84
13 47 78
14 15 -37
14 16 49
14 17 42
14 18 -66
14 19 16
14 20 95
14 21 -81
14 22 72
14 23 -2
14 24 -85
14 25 -62
14 26 47
14 27 -68
14 29 68
14 30 46
14 32 -22
14 33 52
14 36 34
14 37 65
14 38 -48
14 39 75
14 41 72
14 43 95
14 44 86
14 46 98
14 49 -33
15 16 15
15 17 91
15 18 -91
15 19 -81
15 20 47
15 21 -88
15 22 46
15 23 46
15 24 43
15 25 64
15 26 22
15 28 86
15 31 76
15 32 14
15 33 -44
15 35 21
15 38 -41
15 41 14
15 43 -69
15 44 2
15 45 -33
15 46 -16
16 17 31
16 19 -65
16 21 -71
16 22 58
16 23 -99
16 26 -33
16 27 -71
16 28 86
16 30 -89
16 31 93
16 36 -74
16 40 -58
16 41 84
16 42 36
16 47 55
16 49 -12
17 18 -49
17 19 -73
17 20 -91
17 21 38
17 22 -30
17 28 -8
17 29 91
17 35 8
17 36 -47
17 37 69
17 42 -81
17 43 7
18 19 -25
18 20 38
18 22 -10
18 23 -87
18 25 -78
18 30 -90
18 31 71
18 36 32
18 37 11
18 40 -79
18 41 -63
18 43 15
18 44 52
19 21 49
19 25 88
19 27 -3
19 28 -100
19 34 41
19 42 -88
19 48 -48
20 21 19
20 26 41
20 27 38
20 28 46
20 34 67
20 36 -3
21 22 -72
21 24 -41
21 26 21
21 28 -11
21 29 61
21 30 83
21 31 -17
21 32 -78
21 33 -31
21 35 68
21 38 2
21 41 -37
21 43 -50
21 44 97
21 48 -39
22 23 2
22 24 49
22 28 85
22 29 77
22 30 82
22 35 22
22 39 -34
22 43 -18
22 44 -86
22 46 -80
22 48 -43
22 49 29
23 30 -13
23 33 17
23 36 -64
23 38 -13
23 48 -5
24 26 -95
24 29 51
24 30 85
24 36 -42
24 47 -71
24 49 -73
25 37 47
25 42 54
25 45 -24
25 46 -3
26 27 59
26 31 78
26 33 -68
26 35 17
26 42 34
26 44 -64
27 28 56
27 32 82
27 35 -15
27 40 86
27 45 -10
27 46 37
27 49 -31
28 29 35
28 32 77
28 39 66
28 41 95
28 48 91
29 34 -62
29 36 -56
29 42 -12
29 44 -90
29 45 66
30 38 43
30 40 -34
30 41 73
30 42 71
30 43 85
30 45 -82
30 46 84
30 47 -79
31 40 -41
31 41 -13
32 34 -19
32 47 -95
33 40 -73
33 48 89
33 49 96
34 35 27
34 38 17
34 42 72
34 47 -75
35 41 -70
35 47 -25
36 45 -64
36 48 84
37 39 72
37 40 -57
37 45 -29
37 46 -34
38 39 -74
38 43 56
38 44 -66
39 46 20
40 45 -93
42 43 87
44 47 2
-1
-9275
