plt_100_100
100
87
-15
-54
40
-19
-16
-23
79
-8
-3
12
-60
-43
91
-67
15
98
85
-25
-65
-16
-93
-41
46
97
82
51
-85
18
42
-87
-56
30
45
53
11
-34
68
-53
46
26
50
-23
37
-42
-21
82
-29
70
57
-93
-44
-17
74
74
9
-80
63
-45
19
24
71
76
70
32
26
80
-79
33
-44
-91
84
-70
-4
-2
-29
37
78
-7
-28
-44
86
-95
66
-76
-66
-99
-52
-37
-11
-35
25
5
87
-58
11
62
89
-16
-41
0 1 -75
1 2 -42
2 3 93
3 4 -39
4 5 93
5 6 27
6 7 -8
7 8 39
8 9 -3
9 10 84
10 11 -49
11 12 92
12 13 -6
13 14 -82
14 15 -16
15 16 67
16 17 66
17 18 -44
18 19 -65
19 20 34
20 21 -37
21 22 62
22 23 -87
23 24 57
24 25 -46
25 26 75
26 27 2
27 28 -37
28 29 2
29 30 19
30 31 4
31 32 -50
31 51 44
32 33 -83
32 52 100
33 34 83
33 53 41
34 35 -91
34 54 -13
35 36 57
35 55 46
36 37 -48
36 56 33
37 38 15
37 57 18
38 39 -53
38 58 -55
39 40 92
39 59 -32
40 41 6
40 60 26
40 61 -39
41 42 66
41 62 49
41 63 3
42 43 22
42 64 25
42 65 20
43 44 81
43 66 -48
43 67 -76
44 45 -10
44 68 -46
44 69 29
44 70 -51
45 46 35
45 71 85
45 72 54
45 73 -53
45 74 15
46 47 -24
46 75 93
46 76 -79
46 77 72
46 78 -18
47 48 -17
47 79 83
47 80 -80
47 81 -79
47 82 -14
47 83 -36
48 49 -24
48 84 39
48 85 52
48 86 -71
48 87 100
48 88 86
48 89 -100
49 50 -30
49 90 -84
49 91 -63
49 92 61
49 93 -52
49 94 50
49 95 -40
49 96 -10
49 97 -97
49 98 -65
49 99 -7
-1
-6905
