plt_100_30
100
-17
-7
29
-4
14
28
-7
-29
-4
-11
-10
10
-26
16
4
11
7
6
-25
-20
-12
22
14
-10
-19
4
-8
14
-15
-30
-14
-5
2
16
4
27
18
-3
-2
22
-28
-8
30
-23
9
16
9
-3
-2
25
12
-23
-21
-20
-7
-19
8
14
12
21
-21
14
-29
-16
20
-7
8
-30
10
-24
4
14
21
19
-8
-25
-27
26
11
15
2
29
26
-11
-22
-7
24
17
-10
14
-19
-6
30
-25
-26
-26
26
9
-15
19
0 1 -7
1 2 -9
2 3 30
3 4 29
4 5 -28
5 6 -21
6 7 7
7 8 14
8 9 5
9 10 6
10 11 6
11 12 3
12 13 20
13 14 24
14 15 18
15 16 28
16 17 -18
17 18 -21
18 19 -13
19 20 -2
20 21 27
21 22 24
22 23 19
23 24 15
24 25 8
25 26 -13
26 27 -28
27 28 -25
28 29 16
29 30 7
30 31 -5
31 32 27
31 51 -13
32 33 -13
32 52 -21
33 34 15
33 53 15
34 35 -28
34 54 -2
35 36 23
35 55 11
36 37 -5
36 56 -28
37 38 6
37 57 -9
38 39 10
38 58 17
39 40 -12
39 59 -5
40 41 9
40 60 -17
40 61 -22
41 42 16
41 62 -23
41 63 2
42 43 -8
42 64 -19
42 65 -19
43 44 -7
43 66 17
43 67 -16
44 45 7
44 68 24
44 69 -25
44 70 11
45 46 26
45 71 -27
45 72 -12
45 73 5
45 74 -17
46 47 -17
46 75 -27
46 76 18
46 77 -25
46 78 15
47 48 -14
47 79 -22
47 80 10
47 81 20
47 82 5
47 83 16
48 49 10
48 84 7
48 85 13
48 86 2
48 87 -9
48 88 24
48 89 -27
49 50 16
49 90 16
49 91 -18
49 92 23
49 93 -23
49 94 30
49 95 11
49 96 -24
49 97 -17
49 98 -23
49 99 21
-1
-2278
