plt_50_60
50
30
52
35
30
-18
-23
-31
45
8
54
60
-11
-13
3
-58
59
-39
-58
4
-40
6
-41
-45
-28
-44
-5
31
-6
45
40
-36
-23
-56
6
-56
41
-14
-49
43
22
-10
24
-35
34
2
-9
-26
-5
43
5
0 1 -60
1 2 50
2 3 36
3 4 -9
4 5 -22
5 6 34
6 7 11
7 8 -45
8 9 -39
9 10 39
10 11 31
11 12 -37
12 13 -6
13 14 5
13 24 38
14 15 3
14 25 7
15 16 -51
15 26 54
16 17 47
16 27 -17
17 18 59
17 28 -60
18 19 17
18 29 48
19 20 -45
19 30 -14
19 31 -19
20 21 -33
20 32 -16
20 33 9
21 22 7
21 34 -9
21 35 36
21 36 14
21 37 -45
21 38 3
21 39 38
21 40 -34
21 41 -6
22 23 14
22 42 55
22 43 8
22 44 33
22 45 26
22 46 58
22 47 -28
22 48 43
22 49 38
-1
-2189
