plt_50_30
50
-5
3
15
9
28
26
-5
22
-12
-18
-27
8
26
-28
3
-23
-25
-25
-10
-25
-11
-19
29
5
-5
-6
-25
-16
15
-18
30
-19
13
-9
13
-8
-30
-13
6
13
-11
-16
-11
-5
6
28
-22
-6
-17
2
0 1 2
1 2 -29
2 3 -24
3 4 5
4 5 14
5 6 -16
6 7 -9
7 8 27
8 9 -22
9 10 -10
10 11 24
11 12 -20
12 13 24
13 14 16
13 24 11
14 15 23
14 25 -13
15 16 20
15 26 -6
16 17 16
16 27 -3
17 18 9
17 28 17
18 19 -13
18 29 5
19 20 17
19 30 -5
19 31 -8
20 21 -18
20 32 -13
20 33 -30
21 22 4
21 34 -30
21 35 28
21 36 30
21 37 2
21 38 -9
21 39 19
21 40 15
21 41 18
22 23 -6
22 42 4
22 43 -23
22 44 24
22 45 -10
22 46 16
22 47 -23
22 48 -17
22 49 -15
-1
-1188
