plt_100_10
100
-2
-10
10
8
-5
3
-5
-6
3
3
-4
-10
4
-8
-3
-8
6
7
2
3
-7
-4
6
-8
-4
-8
5
-9
-2
-7
8
-7
-6
-6
9
-10
8
-8
4
6
10
9
-5
7
-10
7
4
-5
-10
2
8
-4
-7
5
-5
3
-7
-7
5
7
-8
2
8
2
6
-7
10
10
-7
-2
-7
-3
6
-2
-2
2
3
-7
2
4
-2
-4
8
-7
3
-7
10
3
-4
4
-5
7
-3
-4
-7
9
4
3
-8
8
0 1 10
1 2 -6
2 3 -9
3 4 7
4 5 7
5 6 7
6 7 -4
7 8 5
8 9 4
9 10 7
10 11 2
11 12 -4
12 13 -5
13 14 -10
14 15 7
15 16 10
16 17 -4
17 18 -5
18 19 4
19 20 -5
20 21 -7
21 22 -2
22 23 3
23 24 -7
24 25 2
25 26 -6
26 27 4
27 28 5
28 29 -5
29 30 -8
30 31 -5
31 32 -3
31 51 -8
32 33 4
32 52 9
33 34 -9
33 53 8
34 35 6
34 54 6
35 36 -2
35 55 5
36 37 3
36 56 -9
37 38 5
37 57 -6
38 39 4
38 58 7
39 40 -6
39 59 -2
40 41 -10
40 60 5
40 61 -8
41 42 6
41 62 5
41 63 7
42 43 -9
42 64 10
42 65 -9
43 44 -6
43 66 -2
43 67 -7
44 45 -10
44 68 6
44 69 -5
44 70 -5
45 46 -2
45 71 5
45 72 3
45 73 4
45 74 -10
46 47 -2
46 75 7
46 76 -8
46 77 8
46 78 -7
47 48 -4
47 79 7
47 80 10
47 81 10
47 82 -3
47 83 8
48 49 -10
48 84 4
48 85 -10
48 86 -5
48 87 8
48 88 -9
48 89 -7
49 50 9
49 90 4
49 91 8
49 92 6
49 93 3
49 94 5
49 95 5
49 96 -10
49 97 2
49 98 7
49 99 -8
-1
-823
