plt_50_100
50
13
86
94
8
-47
88
80
70
94
-65
-100
-75
8
-30
-37
-17
-81
-85
-96
9
-48
-50
-49
-11
59
39
-71
92
64
-61
-7
46
-81
41
72
-8
-8
96
32
-58
-22
60
-44
-49
27
69
-64
-69
-17
-72
0 1 58
1 2 -78
2 3 6
3 4 -16
4 5 53
5 6 21
6 7 -90
7 8 95
8 9 -56
9 10 21
10 11 -60
11 12 -93
12 13 54
13 14 35
13 24 -25
14 15 -3
14 25 -48
15 16 2
15 26 21
16 17 -41
16 27 94
17 18 91
17 28 -27
18 19 43
18 29 -90
19 20 -28
19 30 10
19 31 10
20 21 -47
20 32 28
20 33 -78
21 22 43
21 34 36
21 35 14
21 36 89
21 37 12
21 38 28
21 39 70
21 40 88
21 41 93
22 23 55
22 42 53
22 43 -14
22 44 58
22 45 93
22 46 -17
22 47 -68
22 48 -6
22 49 66
-1
-3520
