plt_50_10
50
8
-6
-5
-2
-9
-3
-3
10
4
10
-10
-8
8
6
4
-10
10
-7
10
10
-2
8
-8
3
-4
-7
10
5
3
7
-10
-4
4
-9
4
7
-2
-5
-8
5
-6
9
-3
3
2
-7
-10
-8
-7
5
0 1 -4
1 2 -10
2 3 -9
3 4 2
4 5 -6
5 6 7
6 7 -2
7 8 10
8 9 -9
9 10 -3
10 11 -10
11 12 9
12 13 -7
13 14 8
13 24 -2
14 15 5
14 25 2
15 16 9
15 26 8
16 17 7
16 27 3
17 18 3
17 28 -9
18 19 -2
18 29 10
19 20 -2
19 30 -3
19 31 7
20 21 9
20 32 10
20 33 -6
21 22 2
21 34 7
21 35 8
21 36 7
21 37 8
21 38 -4
21 39 -7
21 40 -9
21 41 -2
22 23 9
22 42 8
22 43 -3
22 44 -10
22 45 -8
22 46 2
22 47 8
22 48 -7
22 49 9
-1
-451
