plt_100_60
100
50
-9
9
21
-3
-30
30
-38
-55
51
11
-59
-16
-47
13
-3
-15
-53
23
4
39
-43
-26
55
-28
-34
-56
9
13
-50
-58
60
-25
28
-5
43
55
45
9
39
35
-18
5
42
-57
-50
-51
10
-11
29
-41
-33
-27
40
32
57
-35
-39
35
-51
-23
-6
52
6
20
53
-45
-5
-18
53
-11
56
7
-40
15
-47
47
-6
43
-5
39
29
-53
53
-25
12
-13
23
11
-4
49
31
54
29
17
-34
-51
-37
-7
19
0 1 26
1 2 -28
2 3 -31
3 4 18
4 5 -23
5 6 -15
6 7 -44
7 8 57
8 9 41
9 10 32
10 11 -3
11 12 -49
12 13 28
13 14 -5
14 15 -47
15 16 -59
16 17 -15
17 18 51
18 19 -38
19 20 2
20 21 22
21 22 -22
22 23 34
23 24 16
24 25 -45
25 26 16
26 27 45
27 28 11
28 29 41
29 30 43
30 31 43
31 32 -45
31 51 -39
32 33 36
32 52 16
33 34 45
33 53 -11
34 35 13
34 54 -24
35 36 33
35 55 47
36 37 36
36 56 -33
37 38 -43
37 57 -6
38 39 45
38 58 -17
39 40 -39
39 59 40
40 41 33
40 60 -21
40 61 -49
41 42 55
41 62 27
41 63 43
42 43 -8
42 64 43
42 65 51
43 44 39
43 66 -9
43 67 -39
44 45 55
44 68 -26
44 69 60
44 70 -23
45 46 -2
45 71 -31
45 72 35
45 73 -25
45 74 12
46 47 -55
46 75 -16
46 76 -48
46 77 45
46 78 18
47 48 -58
47 79 39
47 80 38
47 81 38
47 82 37
47 83 34
48 49 -47
48 84 17
48 85 34
48 86 35
48 87 34
48 88 7
48 89 -44
49 50 58
49 90 -46
49 91 7
49 92 53
49 93 43
49 94 -2
49 95 42
49 96 -27
49 97 -20
49 98 -41
49 99 35
-1
-4456
