sus
20
0
0
0
0
0
0
0
0
0
0
0
0
0
0
0
0
0
0
0
0
0 1 -21
0 2 -5
0 3 -30
0 4 -28
0 5 -6
0 6 -24
0 7 -12
0 8 -5
0 9 -28
0 10 11
0 11 13
0 12 18
0 13 15
0 14 5
0 15 26
0 16 29
0 17 8
0 18 29
0 19 8
1 2 -17
1 3 -6
1 4 -26
1 5 -17
1 6 -23
1 7 -13
1 8 -24
1 9 -15
1 10 16
1 11 6
1 12 26
1 13 27
1 14 9
1 15 6
1 16 9
1 17 24
1 18 19
1 19 13
2 3 -27
2 4 -29
2 5 -17
2 6 -12
2 7 -30
2 8 -16
2 9 -25
2 10 29
2 11 21
2 12 13
2 13 11
2 14 26
2 15 14
2 16 14
2 17 12
2 18 12
2 19 16
3 4 -27
3 5 -11
3 6 -30
3 7 -8
3 8 -27
3 9 -18
3 10 14
3 11 22
3 12 29
3 13 7
3 14 15
3 15 15
3 16 17
3 17 29
3 18 10
3 19 29
4 5 -11
4 6 -14
4 7 -22
4 8 -12
4 9 -9
4 10 25
4 11 26
4 12 13
4 13 18
4 14 7
4 15 19
4 16 10
4 17 24
4 18 13
4 19 5
5 6 -27
5 7 -30
5 8 -22
5 9 -20
5 10 20
5 11 25
5 12 13
5 13 22
5 14 13
5 15 6
5 16 23
5 17 13
5 18 16
5 19 26
6 7 -28
6 8 -20
6 9 -12
6 10 9
6 11 17
6 12 14
6 13 23
6 14 8
6 15 6
6 16 29
6 17 26
6 18 25
6 19 16
7 8 -15
7 9 -23
7 10 17
7 11 21
7 12 7
7 13 10
7 14 24
7 15 23
7 16 14
7 17 10
7 18 30
7 19 17
8 9 -27
8 10 28
8 11 19
8 12 21
8 13 29
8 14 20
8 15 15
8 16 17
8 17 17
8 18 15
8 19 19
9 10 22
9 11 7
9 12 23
9 13 7
9 14 19
9 15 19
9 16 23
9 17 13
9 18 15
9 19 12
10 11 -24
10 12 -14
10 13 -19
10 14 -24
10 15 -25
10 16 -20
10 17 -24
10 18 -7
10 19 -16
11 12 -12
11 13 -7
11 14 -13
11 15 -10
11 16 -8
11 17 -21
11 18 -30
11 19 -11
12 13 -24
12 14 -25
12 15 -13
12 16 -25
12 17 -21
12 18 -22
12 19 -10
13 14 -22
13 15 -25
13 16 -12
13 17 -5
13 18 -11
13 19 -29
14 15 -18
14 16 -19
14 17 -6
14 18 -10
14 19 -25
15 16 -8
15 17 -22
15 18 -21
15 19 -19
16 17 -5
16 18 -21
16 19 -27
17 18 -7
17 19 -20
18 19 -12
-1
-3353
