ws_100_10
100
-3
10
7
8
-7
-10
4
10
2
6
-5
7
8
4
7
2
8
-8
-10
5
3
-8
5
-6
-9
-10
5
-2
5
8
9
8
-2
-10
-8
-3
5
-3
4
-8
8
2
4
-7
9
-4
-5
7
6
8
-3
4
8
-6
4
5
-4
-10
-10
7
3
-4
6
10
-7
7
9
-8
-6
-7
2
-7
-7
5
4
8
-9
9
9
-7
7
10
-8
7
2
-7
-3
6
-6
-6
-9
9
5
-2
-2
9
5
10
3
-3
0 1 5
0 99 6
0 2 4
0 98 2
0 3 -8
0 97 -10
0 4 -5
0 96 -3
0 95 -9
0 6 -5
0 94 8
0 52 -2
0 23 7
1 3 3
1 4 -3
1 98 10
1 97 9
1 6 10
1 96 4
1 7 -10
1 37 -2
1 90 -6
1 36 -9
1 18 -2
2 99 10
2 6 -3
2 7 10
2 8 -4
2 96 -4
2 87 -5
2 59 -2
2 68 9
2 50 -2
3 7 -9
3 99 3
3 9 4
3 82 4
3 10 8
3 22 5
3 43 10
3 59 3
4 6 -10
4 8 -2
4 99 -7
4 10 5
4 98 2
4 78 -3
4 90 -7
4 65 -3
4 89 6
5 6 -9
5 7 3
5 11 6
5 99 -10
5 23 2
5 84 -9
5 51 4
5 67 -2
6 7 4
6 8 8
6 11 2
6 27 9
6 71 -3
6 72 -9
6 18 -8
6 35 8
6 76 -4
6 13 10
6 37 -10
7 8 7
7 9 -3
7 13 -6
7 75 -10
7 38 -9
7 78 -6
7 71 -10
7 37 -10
8 9 3
8 10 8
8 11 6
8 12 8
8 13 -5
8 14 -7
8 60 -8
9 10 -2
9 12 -3
9 14 3
9 15 4
9 41 2
9 91 -9
10 11 -5
10 15 10
10 16 -8
10 79 -7
10 98 5
10 81 4
10 93 -3
10 23 -6
10 69 -5
10 92 4
11 13 -5
11 14 -6
11 15 -7
11 16 -7
11 17 -8
11 81 8
11 33 9
11 60 -3
12 13 -4
12 14 3
12 15 -6
12 16 10
12 17 -5
12 18 -3
12 62 3
13 15 -9
13 17 9
13 18 3
13 19 2
13 68 -2
13 46 -9
13 51 -5
13 33 -6
13 45 -7
14 15 -5
14 16 -3
14 19 -5
14 20 -6
14 66 9
14 25 -8
14 94 4
15 17 5
15 18 -6
15 19 8
15 20 -4
15 21 2
15 41 -6
15 45 -9
15 89 -2
16 17 4
16 19 8
16 21 9
16 52 9
16 40 2
16 90 10
17 18 8
17 19 8
17 21 -5
17 22 -5
17 23 -7
17 52 6
17 95 8
18 19 6
18 20 -3
18 21 -5
18 23 -5
18 24 -6
18 58 -5
18 94 -8
19 20 2
19 21 -8
19 23 6
19 24 -9
19 25 -8
19 99 10
19 72 9
20 21 -2
20 22 -5
20 23 2
20 24 7
20 25 10
20 26 9
20 86 10
20 27 -2
21 22 9
21 23 -4
21 24 -9
21 26 -8
21 27 -6
21 51 9
21 52 -5
22 24 -6
22 25 5
22 27 -10
22 28 -9
22 39 -4
22 63 8
22 88 -3
23 24 -4
23 26 10
23 27 -2
23 28 -4
23 90 -6
23 47 -2
24 25 7
24 27 5
24 29 -5
24 30 5
24 32 -6
24 34 -3
24 77 -6
25 27 3
25 28 -10
25 30 8
25 31 7
25 90 -8
25 47 10
25 39 -4
25 45 -2
26 27 -9
26 28 -3
26 29 -6
26 30 -5
26 31 3
26 32 7
27 29 4
27 30 -5
27 31 -5
27 81 6
27 88 -8
27 73 6
28 29 -7
28 30 -2
28 31 5
28 32 -2
28 34 -2
28 76 -9
28 89 9
29 30 -4
29 33 7
29 35 7
29 41 6
29 82 -6
29 71 -9
30 31 2
30 32 7
30 33 -6
30 34 -5
30 35 -5
30 36 7
30 38 -4
30 60 -8
30 45 5
31 32 -7
31 33 -10
31 34 -6
31 35 -8
31 36 -6
31 75 2
31 59 8
32 34 10
32 35 -2
32 36 -6
32 37 -5
32 38 3
32 87 -5
32 89 9
33 37 -4
33 38 3
33 79 -7
33 52 -2
33 87 2
34 36 -8
34 38 -2
34 39 -10
34 40 -10
34 75 -4
34 35 4
34 87 -7
35 36 7
35 38 2
35 40 -9
35 67 7
35 42 -2
36 37 -8
36 38 -6
36 39 7
36 40 2
36 41 7
36 42 6
37 39 -8
37 40 10
37 41 8
37 42 4
37 84 7
37 57 -8
38 40 -4
38 41 -5
38 62 7
38 46 -9
38 99 -2
38 90 3
39 41 8
39 43 -4
39 44 -9
39 45 -3
39 86 7
39 48 7
40 41 -9
40 42 3
40 43 -8
40 44 -3
40 46 -4
40 83 7
40 86 8
41 43 8
41 44 5
41 45 8
41 46 -8
41 47 6
41 62 4
42 43 -6
42 45 7
42 46 3
42 47 8
42 95 8
42 64 10
43 45 -5
43 46 -2
43 48 -9
43 49 8
43 92 -8
44 46 9
44 47 10
44 49 10
44 50 3
44 63 2
44 67 8
45 47 10
45 48 -10
45 70 -7
46 47 -4
46 49 -10
46 52 2
46 91 -7
46 80 -10
46 53 6
47 49 -6
47 50 2
47 51 6
47 52 5
47 53 3
47 75 6
47 80 10
47 97 3
48 49 4
48 50 2
48 51 -9
48 52 -9
48 54 -10
48 71 9
49 50 5
49 51 -8
49 52 6
49 53 -3
49 54 9
49 56 -3
50 51 3
50 52 8
50 54 -6
50 55 10
50 56 2
50 67 7
51 52 -3
51 53 -9
51 55 -6
51 56 -9
51 57 9
51 65 7
52 54 -2
52 56 3
52 57 9
52 58 7
52 79 -6
53 54 -6
53 56 -8
53 57 -8
53 58 10
53 59 -2
53 97 9
54 55 -3
54 56 6
54 58 -8
54 60 8
54 76 -4
54 71 2
55 56 -9
55 57 -8
55 58 -5
55 59 -4
55 60 5
55 61 -5
56 57 -6
56 58 4
56 59 3
56 60 2
56 62 -6
56 71 3
56 91 7
57 58 -3
57 60 3
57 61 -7
57 62 6
57 63 -6
57 71 -5
58 59 -10
58 61 4
58 62 4
58 63 5
58 64 -5
59 61 -6
59 62 -3
59 63 -9
59 64 7
59 86 -10
59 98 4
60 61 -2
60 62 9
60 65 6
61 63 -6
61 64 -10
61 65 -2
61 67 -9
61 75 -4
61 69 -2
62 64 -9
62 65 -9
62 66 8
62 91 3
62 88 2
63 64 -4
63 65 4
63 67 4
63 68 2
63 69 -7
64 65 -10
64 66 -4
64 67 6
64 68 -6
64 69 2
65 67 -10
65 69 -2
65 68 9
65 73 5
66 68 -4
66 69 -3
66 70 6
66 71 -10
66 72 -2
67 68 -8
67 69 -6
67 70 -9
67 71 2
67 72 2
67 73 -5
68 69 -9
68 71 9
68 73 -2
68 74 2
68 92 4
68 90 -6
69 70 6
69 71 -8
69 72 -8
69 74 5
69 75 8
70 71 -8
70 72 -8
70 75 6
70 76 6
70 88 -3
70 97 3
71 73 5
71 75 -9
71 77 -7
71 89 -2
72 73 -2
72 74 -7
72 77 7
72 78 -10
72 84 -6
73 74 8
73 75 2
73 76 -7
73 77 -9
73 78 -8
73 79 -2
73 95 10
74 75 10
74 76 -10
74 77 -9
74 78 -8
74 79 -8
74 80 4
75 78 -4
75 79 -6
75 80 2
75 81 2
75 92 -10
76 78 -8
76 80 9
76 87 -7
76 99 6
77 78 4
77 80 3
77 81 -10
77 83 -4
77 87 10
78 79 -9
78 80 -2
78 82 7
78 83 -5
78 84 -4
79 81 9
79 82 10
79 83 5
79 99 10
79 94 5
79 97 -5
80 82 -3
80 83 4
80 84 -2
80 85 10
80 86 6
81 84 4
81 85 -2
81 86 8
81 87 6
82 83 3
82 84 10
82 85 4
82 86 8
82 87 -2
82 88 7
82 94 -8
83 84 -5
83 85 6
83 86 -8
83 88 -2
83 89 2
84 85 -9
84 87 10
84 88 -4
84 89 6
84 90 -10
84 92 10
84 94 3
85 86 4
85 87 -6
85 88 8
85 89 3
85 90 -5
85 91 4
86 88 5
86 90 -9
86 91 10
86 92 9
86 98 -7
87 88 -4
87 90 2
87 91 -7
87 92 -10
87 93 -4
88 89 -3
88 91 5
88 92 10
88 93 -8
88 94 -8
89 91 -7
89 92 -2
89 94 4
89 95 -2
90 92 -4
90 94 -8
90 95 2
90 96 3
91 93 -2
91 95 -8
91 97 3
91 99 -4
92 94 -4
92 96 -7
92 97 9
93 94 4
93 95 2
93 96 -5
93 97 10
93 98 10
93 99 9
94 97 8
94 98 10
95 96 -9
95 97 9
95 98 -10
95 99 6
96 97 5
96 98 -9
96 99 -5
97 99 -5
98 99 -9
-1
-1812
