ws_100_100
100
93
-54
-79
33
65
56
-9
-52
-6
-71
34
25
-38
20
-42
-49
35
35
3
-30
7
75
51
22
-16
-53
-41
-93
36
-29
40
91
45
-81
-60
32
59
71
11
16
-45
-28
-87
-20
69
-15
-5
-35
-31
81
100
-52
22
-45
-64
-11
3
-12
46
78
40
-93
69
33
-90
50
85
32
-92
-41
34
88
-17
8
79
17
36
-56
71
-50
-79
-87
-21
33
-14
-90
42
-39
-80
30
-44
-47
26
39
90
-50
-29
-30
53
-39
0 1 50
0 99 -28
0 2 -84
0 98 44
0 3 22
0 97 6
0 4 -97
0 96 -95
0 95 -16
0 6 56
0 94 95
0 52 -100
0 23 -39
1 3 77
1 4 -82
1 98 54
1 97 95
1 6 -44
1 96 -38
1 7 42
1 37 27
1 90 -49
1 36 11
1 18 -59
2 99 -45
2 6 -84
2 7 88
2 8 5
2 96 98
2 87 -42
2 59 -94
2 68 60
2 50 33
3 7 -38
3 99 31
3 9 87
3 82 15
3 10 -93
3 22 -67
3 43 -70
3 59 -28
4 6 68
4 8 32
4 99 -22
4 10 -79
4 98 48
4 78 80
4 90 12
4 65 -71
4 89 -16
5 6 36
5 7 -5
5 11 -85
5 99 72
5 23 24
5 84 -49
5 51 -47
5 67 -48
6 7 -36
6 8 -94
6 11 -30
6 27 62
6 71 22
6 72 90
6 18 91
6 35 43
6 76 -7
6 13 35
6 37 49
7 8 56
7 9 -44
7 13 48
7 75 58
7 38 -4
7 78 -98
7 71 88
7 37 -40
8 9 22
8 10 -36
8 11 54
8 12 -78
8 13 85
8 14 -82
8 60 55
9 10 95
9 12 86
9 14 76
9 15 -62
9 41 84
9 91 -7
10 11 14
10 15 95
10 16 75
10 79 32
10 98 -43
10 81 4
10 93 86
10 23 80
10 69 -54
10 92 -73
11 13 7
11 14 89
11 15 -90
11 16 -97
11 17 -26
11 81 10
11 33 -93
11 60 -20
12 13 53
12 14 77
12 15 -35
12 16 73
12 17 84
12 18 -29
12 62 100
13 15 -75
13 17 30
13 18 39
13 19 -98
13 68 69
13 46 51
13 51 -13
13 33 -62
13 45 -44
14 15 50
14 16 23
14 19 -91
14 20 -27
14 66 83
14 25 28
14 94 29
15 17 -44
15 18 -9
15 19 -52
15 20 -25
15 21 100
15 41 100
15 45 -8
15 89 42
16 17 7
16 19 36
16 21 31
16 52 -62
16 40 -12
16 90 -41
17 18 -54
17 19 -100
17 21 54
17 22 27
17 23 18
17 52 69
17 95 -3
18 19 9
18 20 -58
18 21 -37
18 23 28
18 24 -73
18 58 27
18 94 -12
19 20 66
19 21 -61
19 23 67
19 24 -74
19 25 60
19 99 36
19 72 -88
20 21 -31
20 22 -96
20 23 -32
20 24 35
20 25 26
20 26 50
20 86 100
20 27 -52
21 22 -77
21 23 21
21 24 -83
21 26 -93
21 27 -5
21 51 65
21 52 -58
22 24 -96
22 25 98
22 27 25
22 28 -36
22 39 -36
22 63 -98
22 88 -63
23 24 -4
23 26 4
23 27 -59
23 28 -74
23 90 -62
23 47 -84
24 25 57
24 27 65
24 29 31
24 30 48
24 32 90
24 34 -17
24 77 26
25 27 82
25 28 -17
25 30 63
25 31 19
25 90 -3
25 47 87
25 39 -74
25 45 34
26 27 77
26 28 -76
26 29 61
26 30 -51
26 31 46
26 32 -55
27 29 -80
27 30 -46
27 31 48
27 81 55
27 88 -35
27 73 25
28 29 -81
28 30 14
28 31 -37
28 32 -9
28 34 46
28 76 -75
28 89 96
29 30 -87
29 33 -6
29 35 -73
29 41 74
29 82 -51
29 71 -70
30 31 37
30 32 -12
30 33 85
30 34 -67
30 35 -52
30 36 -86
30 38 9
30 60 -89
30 45 33
31 32 36
31 33 -88
31 34 -64
31 35 -50
31 36 -6
31 75 -51
31 59 74
32 34 76
32 35 -73
32 36 -6
32 37 68
32 38 68
32 87 -25
32 89 -52
33 37 -21
33 38 -93
33 79 77
33 52 -19
33 87 86
34 36 -51
34 38 42
34 39 -12
34 40 69
34 75 -95
34 35 87
34 87 -69
35 36 -29
35 38 77
35 40 82
35 67 38
35 42 -40
36 37 -22
36 38 56
36 39 80
36 40 -64
36 41 -13
36 42 -26
37 39 46
37 40 -4
37 41 63
37 42 -8
37 84 -66
37 57 19
38 40 80
38 41 -33
38 62 -41
38 46 -94
38 99 90
38 90 -81
39 41 69
39 43 80
39 44 -84
39 45 77
39 86 69
39 48 -97
40 41 -7
40 42 -49
40 43 22
40 44 81
40 46 34
40 83 57
40 86 93
41 43 45
41 44 8
41 45 38
41 46 94
41 47 -17
41 62 51
42 43 -14
42 45 -13
42 46 68
42 47 -81
42 95 -23
42 64 -48
43 45 74
43 46 76
43 48 -69
43 49 16
43 92 -68
44 46 38
44 47 -41
44 49 -34
44 50 -86
44 63 27
44 67 -71
45 47 -26
45 48 -60
45 70 -9
46 47 75
46 49 47
46 52 63
46 91 -88
46 80 -76
46 53 -74
47 49 -20
47 50 -93
47 51 -15
47 52 -7
47 53 -13
47 75 64
47 80 85
47 97 -57
48 49 -13
48 50 -69
48 51 40
48 52 39
48 54 3
48 71 60
49 50 81
49 51 -66
49 52 15
49 53 -48
49 54 -54
49 56 -43
50 51 -65
50 52 -79
50 54 2
50 55 -44
50 56 28
50 67 11
51 52 -32
51 53 -3
51 55 -62
51 56 -48
51 57 99
51 65 9
52 54 50
52 56 -45
52 57 -16
52 58 33
52 79 -86
53 54 80
53 56 -62
53 57 11
53 58 40
53 59 -77
53 97 -40
54 55 4
54 56 -5
54 58 54
54 60 -8
54 76 94
54 71 38
55 56 -15
55 57 -54
55 58 -51
55 59 92
55 60 30
55 61 37
56 57 -7
56 58 -53
56 59 31
56 60 -22
56 62 -98
56 71 64
56 91 73
57 58 56
57 60 -11
57 61 34
57 62 -13
57 63 -11
57 71 -47
58 59 -84
58 61 37
58 62 -52
58 63 53
58 64 25
59 61 -87
59 62 -48
59 63 17
59 64 -83
59 86 -45
59 98 -4
60 61 95
60 62 70
60 65 -52
61 63 -61
61 64 -47
61 65 29
61 67 -81
61 75 -90
61 69 7
62 64 -3
62 65 -45
62 66 18
62 91 48
62 88 79
63 64 71
63 65 57
63 67 46
63 68 52
63 69 76
64 65 -23
64 66 70
64 67 -85
64 68 33
64 69 -84
65 67 44
65 69 63
65 68 -59
65 73 -11
66 68 8
66 69 -58
66 70 -48
66 71 45
66 72 -97
67 68 -5
67 69 -8
67 70 -83
67 71 -69
67 72 -9
67 73 6
68 69 85
68 71 62
68 73 -28
68 74 -20
68 92 57
68 90 -93
69 70 13
69 71 28
69 72 62
69 74 -60
69 75 53
70 71 -43
70 72 -81
70 75 71
70 76 -75
70 88 -51
70 97 -39
71 73 16
71 75 55
71 77 -72
71 89 -93
72 73 -61
72 74 46
72 77 -7
72 78 -62
72 84 -63
73 74 98
73 75 -73
73 76 -94
73 77 43
73 78 93
73 79 -41
73 95 -96
74 75 -36
74 76 18
74 77 -17
74 78 93
74 79 -43
74 80 -99
75 78 -34
75 79 -37
75 80 -17
75 81 -48
75 92 -16
76 78 18
76 80 -40
76 87 -13
76 99 -30
77 78 -70
77 80 -91
77 81 27
77 83 74
77 87 -7
78 79 58
78 80 -22
78 82 72
78 83 -9
78 84 -88
79 81 -53
79 82 -99
79 83 -96
79 99 44
79 94 -33
79 97 -82
80 82 -84
80 83 -83
80 84 -49
80 85 4
80 86 97
81 84 14
81 85 -18
81 86 22
81 87 48
82 83 -74
82 84 4
82 85 98
82 86 -3
82 87 -79
82 88 51
82 94 -21
83 84 -98
83 85 -10
83 86 62
83 88 -74
83 89 37
84 85 -22
84 87 -77
84 88 -44
84 89 54
84 90 -92
84 92 -38
84 94 -3
85 86 -60
85 87 -5
85 88 8
85 89 -87
85 90 -2
85 91 95
86 88 -77
86 90 99
86 91 93
86 92 46
86 98 -95
87 88 -92
87 90 54
87 91 50
87 92 59
87 93 52
88 89 37
88 91 15
88 92 64
88 93 29
88 94 55
89 91 -80
89 92 -46
89 94 9
89 95 -70
90 92 -12
90 94 61
90 95 90
90 96 64
91 93 44
91 95 86
91 97 55
91 99 -41
92 94 -26
92 96 11
92 97 -39
93 94 42
93 95 -40
93 96 93
93 97 16
93 98 20
93 99 -39
94 97 -48
94 98 7
95 96 45
95 97 -54
95 98 -2
95 99 59
96 97 36
96 98 57
96 99 -74
97 99 -89
98 99 47
-1
-15172
