ws_100_60
100
-24
-26
36
-29
20
-15
29
35
57
12
-45
-30
-59
-28
-12
13
-29
23
-6
22
16
30
23
26
-37
26
34
37
-50
-58
-13
26
4
50
-24
-18
-51
-31
60
9
-3
-20
-19
43
2
18
44
5
-23
37
-19
-24
34
10
-2
-28
59
-21
59
-35
11
30
-3
22
24
-14
27
-49
20
33
-37
54
-55
-18
-46
13
2
-49
-45
35
-52
18
21
-15
6
-51
-11
-6
46
48
-20
-49
-7
-55
20
-14
-50
-23
-26
-46
0 1 6
0 99 46
0 2 -50
0 98 23
0 3 -4
0 97 52
0 4 49
0 96 -15
0 95 -39
0 6 -5
0 94 7
0 52 5
0 23 32
1 3 9
1 4 27
1 98 -12
1 97 -2
1 6 -42
1 96 -34
1 7 -23
1 37 -28
1 90 -17
1 36 -42
1 18 -43
2 99 -8
2 6 18
2 7 2
2 8 -30
2 96 39
2 87 -48
2 59 58
2 68 -14
2 50 -42
3 7 -17
3 99 -38
3 9 -13
3 82 3
3 10 45
3 22 -12
3 43 13
3 59 5
4 6 46
4 8 35
4 99 8
4 10 -14
4 98 24
4 78 18
4 90 7
4 65 -56
4 89 51
5 6 32
5 7 -59
5 11 15
5 99 -21
5 23 18
5 84 -15
5 51 -9
5 67 10
6 7 -30
6 8 3
6 11 47
6 27 -58
6 71 -57
6 72 -37
6 18 -22
6 35 -41
6 76 27
6 13 -2
6 37 47
7 8 -60
7 9 -19
7 13 -55
7 75 59
7 38 23
7 78 -13
7 71 58
7 37 -58
8 9 52
8 10 -3
8 11 -20
8 12 -2
8 13 31
8 14 -55
8 60 38
9 10 -48
9 12 -56
9 14 43
9 15 12
9 41 48
9 91 10
10 11 -56
10 15 -43
10 16 -39
10 79 41
10 98 21
10 81 -26
10 93 26
10 23 -43
10 69 50
10 92 -18
11 13 54
11 14 48
11 15 -25
11 16 29
11 17 -58
11 81 -25
11 33 -29
11 60 10
12 13 -31
12 14 9
12 15 -25
12 16 -27
12 17 -13
12 18 -17
12 62 -32
13 15 18
13 17 -38
13 18 58
13 19 -30
13 68 60
13 46 6
13 51 52
13 33 -27
13 45 -46
14 15 -47
14 16 9
14 19 -21
14 20 8
14 66 -10
14 25 -45
14 94 13
15 17 33
15 18 -46
15 19 46
15 20 40
15 21 -21
15 41 -17
15 45 25
15 89 37
16 17 43
16 19 -8
16 21 44
16 52 -31
16 40 -13
16 90 -34
17 18 -45
17 19 -53
17 21 43
17 22 7
17 23 56
17 52 -49
17 95 -25
18 19 51
18 20 3
18 21 -47
18 23 26
18 24 -10
18 58 -36
18 94 -32
19 20 -32
19 21 28
19 23 2
19 24 -40
19 25 -22
19 99 51
19 72 59
20 21 -16
20 22 59
20 23 -34
20 24 18
20 25 -24
20 26 -43
20 86 -28
20 27 -56
21 22 36
21 23 41
21 24 47
21 26 -2
21 27 10
21 51 7
21 52 -36
22 24 -9
22 25 -37
22 27 -52
22 28 57
22 39 -19
22 63 59
22 88 -55
23 24 5
23 26 -17
23 27 37
23 28 18
23 90 -9
23 47 -52
24 25 56
24 27 28
24 29 21
24 30 58
24 32 -30
24 34 51
24 77 -8
25 27 -30
25 28 3
25 30 43
25 31 -48
25 90 33
25 47 36
25 39 11
25 45 34
26 27 48
26 28 -22
26 29 -5
26 30 43
26 31 32
26 32 47
27 29 23
27 30 -11
27 31 -52
27 81 -44
27 88 60
27 73 -38
28 29 59
28 30 -36
28 31 33
28 32 -5
28 34 -42
28 76 55
28 89 -41
29 30 -5
29 33 -7
29 35 -16
29 41 27
29 82 40
29 71 -14
30 31 59
30 32 32
30 33 -16
30 34 7
30 35 -4
30 36 51
30 38 15
30 60 24
30 45 -5
31 32 -36
31 33 -55
31 34 -6
31 35 38
31 36 -3
31 75 -25
31 59 -49
32 34 -53
32 35 25
32 36 37
32 37 39
32 38 40
32 87 -20
32 89 -27
33 37 -50
33 38 -56
33 79 27
33 52 -32
33 87 19
34 36 -38
34 38 20
34 39 -49
34 40 54
34 75 -27
34 35 52
34 87 -3
35 36 -12
35 38 -44
35 40 22
35 67 -15
35 42 39
36 37 22
36 38 -49
36 39 -59
36 40 23
36 41 -39
36 42 39
37 39 58
37 40 7
37 41 58
37 42 40
37 84 12
37 57 24
38 40 -55
38 41 -50
38 62 -23
38 46 25
38 99 23
38 90 -3
39 41 18
39 43 55
39 44 26
39 45 60
39 86 -26
39 48 49
40 41 13
40 42 18
40 43 -39
40 44 17
40 46 -36
40 83 38
40 86 -57
41 43 17
41 44 4
41 45 7
41 46 19
41 47 -48
41 62 13
42 43 -25
42 45 -16
42 46 -30
42 47 38
42 95 3
42 64 54
43 45 29
43 46 57
43 48 -57
43 49 31
43 92 60
44 46 35
44 47 45
44 49 51
44 50 -55
44 63 27
44 67 -43
45 47 -3
45 48 -47
45 70 -4
46 47 3
46 49 25
46 52 -28
46 91 -46
46 80 -8
46 53 -25
47 49 26
47 50 51
47 51 29
47 52 60
47 53 -46
47 75 51
47 80 35
47 97 42
48 49 32
48 50 -41
48 51 -29
48 52 -28
48 54 -56
48 71 -44
49 50 37
49 51 24
49 52 -35
49 53 -9
49 54 48
49 56 60
50 51 51
50 52 3
50 54 48
50 55 -9
50 56 24
50 67 13
51 52 29
51 53 -14
51 55 -57
51 56 31
51 57 -37
51 65 5
52 54 16
52 56 17
52 57 -3
52 58 -6
52 79 9
53 54 48
53 56 51
53 57 42
53 58 43
53 59 6
53 97 -9
54 55 12
54 56 -50
54 58 50
54 60 -26
54 76 49
54 71 -4
55 56 -17
55 57 28
55 58 21
55 59 -32
55 60 54
55 61 12
56 57 -47
56 58 -40
56 59 -25
56 60 18
56 62 55
56 71 13
56 91 -36
57 58 11
57 60 -2
57 61 47
57 62 55
57 63 58
57 71 -28
58 59 -49
58 61 -44
58 62 55
58 63 11
58 64 -27
59 61 32
59 62 49
59 63 25
59 64 52
59 86 -56
59 98 -48
60 61 27
60 62 -18
60 65 20
61 63 -28
61 64 -28
61 65 6
61 67 -7
61 75 14
61 69 -19
62 64 -2
62 65 35
62 66 -37
62 91 15
62 88 10
63 64 -47
63 65 17
63 67 14
63 68 -48
63 69 41
64 65 28
64 66 -53
64 67 39
64 68 -59
64 69 -38
65 67 -21
65 69 4
65 68 22
65 73 47
66 68 3
66 69 -7
66 70 14
66 71 33
66 72 -7
67 68 25
67 69 45
67 70 4
67 71 42
67 72 20
67 73 21
68 69 -40
68 71 -43
68 73 6
68 74 13
68 92 16
68 90 9
69 70 -25
69 71 -34
69 72 -55
69 74 39
69 75 -57
70 71 33
70 72 -8
70 75 51
70 76 -44
70 88 -41
70 97 42
71 73 -33
71 75 54
71 77 -6
71 89 26
72 73 6
72 74 -38
72 77 24
72 78 -16
72 84 -14
73 74 -13
73 75 -20
73 76 43
73 77 38
73 78 53
73 79 58
73 95 32
74 75 55
74 76 58
74 77 -37
74 78 -56
74 79 14
74 80 53
75 78 -45
75 79 52
75 80 -7
75 81 55
75 92 22
76 78 50
76 80 -23
76 87 -15
76 99 49
77 78 -48
77 80 5
77 81 -16
77 83 -57
77 87 24
78 79 49
78 80 60
78 82 36
78 83 -56
78 84 -57
79 81 -21
79 82 -40
79 83 -11
79 99 -33
79 94 -37
79 97 -19
80 82 27
80 83 34
80 84 -31
80 85 53
80 86 -9
81 84 44
81 85 18
81 86 -35
81 87 15
82 83 39
82 84 17
82 85 12
82 86 -5
82 87 -33
82 88 -23
82 94 -55
83 84 34
83 85 -12
83 86 35
83 88 -58
83 89 -44
84 85 -36
84 87 -39
84 88 34
84 89 -47
84 90 12
84 92 -31
84 94 -26
85 86 -34
85 87 -60
85 88 12
85 89 -17
85 90 34
85 91 -30
86 88 41
86 90 -6
86 91 15
86 92 34
86 98 -50
87 88 48
87 90 40
87 91 35
87 92 50
87 93 54
88 89 60
88 91 -36
88 92 -33
88 93 -52
88 94 -39
89 91 -9
89 92 16
89 94 32
89 95 47
90 92 55
90 94 53
90 95 24
90 96 -12
91 93 -17
91 95 -30
91 97 -20
91 99 14
92 94 -17
92 96 31
92 97 53
93 94 -54
93 95 34
93 96 40
93 97 -52
93 98 18
93 99 52
94 97 -45
94 98 -27
95 96 41
95 97 36
95 98 59
95 99 32
96 97 -46
96 98 56
96 99 34
97 99 -32
98 99 -17
-1
-9681
