ws_100_30
100
-21
-27
21
27
-10
13
-14
23
2
12
2
15
10
-29
16
13
8
20
-17
18
-24
-21
7
-21
-16
-6
-23
23
7
-14
2
12
-27
7
18
6
14
-7
-30
-26
13
-19
18
-19
-11
4
16
26
-4
-4
6
-28
-9
30
11
-29
-3
-22
19
14
-22
-4
-27
-9
19
-12
-9
17
5
-15
-18
-25
28
5
22
19
-14
14
6
-3
-13
-17
20
-3
-9
-8
9
-17
-25
-8
-4
-26
-3
-13
-14
14
-18
-4
7
16
0 1 -3
0 99 14
0 2 -19
0 98 4
0 3 14
0 97 -3
0 4 7
0 96 10
0 95 14
0 6 14
0 94 9
0 52 21
0 23 -16
1 3 -14
1 4 15
1 98 -15
1 97 -21
1 6 2
1 96 -15
1 7 -24
1 37 -2
1 90 11
1 36 30
1 18 -20
2 99 -15
2 6 27
2 7 2
2 8 21
2 96 -22
2 87 27
2 59 -10
2 68 21
2 50 9
3 7 2
3 99 23
3 9 -4
3 82 5
3 10 30
3 22 -10
3 43 14
3 59 -7
4 6 28
4 8 28
4 99 -11
4 10 2
4 98 5
4 78 19
4 90 2
4 65 2
4 89 15
5 6 -5
5 7 2
5 11 -23
5 99 4
5 23 20
5 84 9
5 51 27
5 67 -17
6 7 17
6 8 -20
6 11 24
6 27 -12
6 71 18
6 72 -2
6 18 19
6 35 -4
6 76 24
6 13 -9
6 37 23
7 8 -17
7 9 -21
7 13 4
7 75 -5
7 38 12
7 78 -27
7 71 17
7 37 -20
8 9 -19
8 10 27
8 11 -16
8 12 -23
8 13 17
8 14 -22
8 60 -18
9 10 -22
9 12 14
9 14 14
9 15 9
9 41 28
9 91 24
10 11 -13
10 15 -28
10 16 19
10 79 -8
10 98 -18
10 81 17
10 93 -13
10 23 15
10 69 6
10 92 -26
11 13 25
11 14 -5
11 15 -16
11 16 -10
11 17 -5
11 81 -21
11 33 -20
11 60 -18
12 13 -13
12 14 5
12 15 -24
12 16 -2
12 17 20
12 18 -26
12 62 -7
13 15 18
13 17 24
13 18 -12
13 19 -24
13 68 29
13 46 -9
13 51 16
13 33 -12
13 45 15
14 15 -8
14 16 27
14 19 28
14 20 -9
14 66 -17
14 25 -27
14 94 -14
15 17 13
15 18 -8
15 19 -13
15 20 -27
15 21 -4
15 41 -22
15 45 5
15 89 -25
16 17 -18
16 19 8
16 21 25
16 52 16
16 40 -10
16 90 -9
17 18 20
17 19 -17
17 21 5
17 22 25
17 23 -5
17 52 -4
17 95 12
18 19 -30
18 20 -27
18 21 21
18 23 -14
18 24 23
18 58 -28
18 94 6
19 20 -29
19 21 -30
19 23 -12
19 24 -23
19 25 -6
19 99 19
19 72 -26
20 21 -8
20 22 13
20 23 17
20 24 22
20 25 -26
20 26 -28
20 86 20
20 27 10
21 22 6
21 23 16
21 24 25
21 26 12
21 27 13
21 51 -16
21 52 12
22 24 -19
22 25 -10
22 27 -13
22 28 10
22 39 24
22 63 2
22 88 11
23 24 2
23 26 -2
23 27 -9
23 28 27
23 90 -10
23 47 15
24 25 -21
24 27 10
24 29 -25
24 30 -28
24 32 -23
24 34 -18
24 77 4
25 27 -24
25 28 -6
25 30 17
25 31 -2
25 90 22
25 47 4
25 39 -11
25 45 30
26 27 -14
26 28 -17
26 29 25
26 30 -14
26 31 5
26 32 -26
27 29 18
27 30 15
27 31 -18
27 81 21
27 88 24
27 73 13
28 29 -12
28 30 -11
28 31 25
28 32 -24
28 34 -10
28 76 -12
28 89 12
29 30 -4
29 33 6
29 35 15
29 41 -6
29 82 -5
29 71 -27
30 31 8
30 32 -18
30 33 23
30 34 27
30 35 3
30 36 26
30 38 18
30 60 -15
30 45 6
31 32 -21
31 33 -26
31 34 -28
31 35 -10
31 36 9
31 75 6
31 59 -4
32 34 25
32 35 16
32 36 4
32 37 11
32 38 -16
32 87 10
32 89 -21
33 37 3
33 38 7
33 79 6
33 52 -22
33 87 -12
34 36 -16
34 38 15
34 39 20
34 40 -3
34 75 -28
34 35 -18
34 87 -4
35 36 -27
35 38 2
35 40 3
35 67 15
35 42 -23
36 37 9
36 38 -11
36 39 -14
36 40 -12
36 41 -20
36 42 16
37 39 -19
37 40 27
37 41 19
37 42 -21
37 84 -9
37 57 11
38 40 4
38 41 24
38 62 7
38 46 7
38 99 15
38 90 26
39 41 6
39 43 5
39 44 -20
39 45 10
39 86 3
39 48 5
40 41 29
40 42 -20
40 43 -26
40 44 -14
40 46 2
40 83 30
40 86 23
41 43 17
41 44 6
41 45 19
41 46 -6
41 47 21
41 62 -12
42 43 12
42 45 -30
42 46 3
42 47 -17
42 95 9
42 64 15
43 45 -14
43 46 23
43 48 -21
43 49 -22
43 92 -27
44 46 -14
44 47 -3
44 49 18
44 50 22
44 63 -6
44 67 -24
45 47 -16
45 48 -20
45 70 -5
46 47 14
46 49 3
46 52 23
46 91 -16
46 80 -13
46 53 -3
47 49 28
47 50 25
47 51 3
47 52 -20
47 53 16
47 75 13
47 80 -17
47 97 8
48 49 -18
48 50 -13
48 51 -12
48 52 22
48 54 14
48 71 -3
49 50 -5
49 51 27
49 52 24
49 53 11
49 54 28
49 56 -12
50 51 3
50 52 -6
50 54 24
50 55 5
50 56 -25
50 67 5
51 52 24
51 53 8
51 55 -22
51 56 3
51 57 -7
51 65 -6
52 54 -10
52 56 -11
52 57 -27
52 58 -21
52 79 24
53 54 29
53 56 -21
53 57 28
53 58 -23
53 59 27
53 97 -19
54 55 -3
54 56 24
54 58 -24
54 60 30
54 76 -29
54 71 7
55 56 -4
55 57 2
55 58 -13
55 59 27
55 60 29
55 61 -5
56 57 13
56 58 13
56 59 23
56 60 11
56 62 5
56 71 -11
56 91 -23
57 58 20
57 60 -20
57 61 -9
57 62 -2
57 63 -15
57 71 6
58 59 27
58 61 -11
58 62 18
58 63 -3
58 64 16
59 61 3
59 62 -5
59 63 20
59 64 26
59 86 17
59 98 -22
60 61 -30
60 62 6
60 65 25
61 63 24
61 64 -18
61 65 -20
61 67 -29
61 75 -4
61 69 -3
62 64 13
62 65 5
62 66 23
62 91 -22
62 88 -25
63 64 21
63 65 -7
63 67 17
63 68 -8
63 69 17
64 65 10
64 66 25
64 67 2
64 68 -9
64 69 17
65 67 17
65 69 14
65 68 -14
65 73 26
66 68 -30
66 69 -11
66 70 -21
66 71 21
66 72 6
67 68 5
67 69 10
67 70 28
67 71 19
67 72 13
67 73 -2
68 69 -8
68 71 -24
68 73 -24
68 74 8
68 92 -17
68 90 24
69 70 -12
69 71 11
69 72 -5
69 74 -25
69 75 3
70 71 -16
70 72 6
70 75 -12
70 76 -27
70 88 -12
70 97 27
71 73 -22
71 75 -10
71 77 -28
71 89 -24
72 73 11
72 74 11
72 77 21
72 78 -23
72 84 8
73 74 -20
73 75 25
73 76 -20
73 77 -25
73 78 13
73 79 16
73 95 28
74 75 11
74 76 8
74 77 9
74 78 15
74 79 24
74 80 30
75 78 -19
75 79 19
75 80 -9
75 81 19
75 92 -10
76 78 24
76 80 12
76 87 4
76 99 28
77 78 -11
77 80 22
77 81 -19
77 83 12
77 87 -20
78 79 16
78 80 6
78 82 -15
78 83 -2
78 84 27
79 81 -5
79 82 -26
79 83 27
79 99 -16
79 94 -7
79 97 -5
80 82 24
80 83 7
80 84 -18
80 85 -22
80 86 22
81 84 -14
81 85 -3
81 86 -20
81 87 6
82 83 23
82 84 27
82 85 24
82 86 22
82 87 19
82 88 8
82 94 -21
83 84 25
83 85 -23
83 86 21
83 88 29
83 89 2
84 85 -27
84 87 -5
84 88 3
84 89 6
84 90 -26
84 92 -12
84 94 -8
85 86 8
85 87 10
85 88 -14
85 89 -6
85 90 3
85 91 -18
86 88 -27
86 90 -24
86 91 21
86 92 27
86 98 28
87 88 26
87 90 8
87 91 -24
87 92 -7
87 93 14
88 89 11
88 91 -19
88 92 18
88 93 22
88 94 -14
89 91 19
89 92 21
89 94 15
89 95 -25
90 92 -15
90 94 8
90 95 27
90 96 -20
91 93 14
91 95 19
91 97 -10
91 99 21
92 94 -4
92 96 -6
92 97 -17
93 94 25
93 95 -24
93 96 -16
93 97 -17
93 98 -4
93 99 30
94 97 24
94 98 -19
95 96 -5
95 97 -20
95 98 -29
95 99 22
96 97 27
96 98 -26
96 99 10
97 99 -18
98 99 -9
-1
-4710
