ws_20_30
20
3
-14
-19
2
19
9
18
-11
30
-25
20
-5
-20
-2
-19
-24
16
-27
15
-18
0 1 3
0 2 12
0 18 -26
0 3 27
0 17 5
0 4 -28
0 16 9
0 8 30
0 19 -11
1 3 19
1 19 -19
1 18 22
1 5 30
1 17 -17
1 9 16
1 8 20
2 4 -14
2 5 -6
2 6 20
2 7 -14
2 8 -11
3 5 27
3 19 -5
3 10 -14
3 14 -10
3 17 23
3 4 -18
3 9 9
3 15 -8
3 7 14
4 5 -3
4 19 -27
4 12 -20
4 14 17
5 6 28
5 8 -3
5 9 -18
5 18 25
5 14 19
5 15 -5
6 7 9
6 8 13
6 9 -28
6 10 -3
6 18 9
6 16 14
6 11 -3
7 8 27
7 9 12
7 10 -2
8 18 -10
8 9 7
9 11 22
9 13 28
9 18 -14
10 12 -4
10 13 11
10 14 11
10 17 -10
11 12 -4
11 14 28
11 18 -7
11 13 -20
12 15 -25
12 16 25
12 17 -24
13 14 -27
13 15 -11
13 16 28
13 19 -16
14 15 13
14 18 3
15 16 -15
15 17 -2
15 19 -17
15 18 -23
16 17 16
16 19 19
17 18 -12
17 19 2
-1
-772
