ws_20_10
20
-6
-10
-5
10
-3
-2
9
8
6
7
-8
8
-2
9
-9
10
8
-6
7
3
0 1 -4
0 2 7
0 18 -4
0 3 2
0 17 -7
0 4 8
0 16 2
0 8 -10
0 19 2
1 3 -4
1 19 7
1 18 9
1 5 7
1 17 7
1 9 -10
1 8 -4
2 4 -9
2 5 3
2 6 10
2 7 4
2 8 -2
3 5 9
3 19 -5
3 10 9
3 14 -9
3 17 2
3 4 8
3 9 7
3 15 10
3 7 -7
4 5 -4
4 19 -2
4 12 -2
4 14 -3
5 6 -10
5 8 -6
5 9 -7
5 18 5
5 14 5
5 15 8
6 7 -7
6 8 -4
6 9 -6
6 10 5
6 18 -8
6 16 -7
6 11 3
7 8 -2
7 9 -4
7 10 5
8 18 -9
8 9 -6
9 11 -7
9 13 -6
9 18 10
10 12 -5
10 13 10
10 14 -6
10 17 7
11 12 -2
11 14 7
11 18 -6
11 13 -10
12 15 7
12 16 -7
12 17 -6
13 14 -7
13 15 8
13 16 -9
13 19 7
14 15 9
14 18 -4
15 16 -5
15 17 -6
15 19 2
15 18 -3
16 17 -7
16 19 -7
17 18 -5
17 19 8
-1
-323
