ws_20_60
20
-42
-37
-21
33
17
55
44
20
-30
44
34
49
6
-58
42
-40
41
-20
56
30
0 1 -59
0 2 44
0 18 42
0 3 -41
0 17 -59
0 4 28
0 16 5
0 8 37
0 19 -53
1 3 -59
1 19 37
1 18 -8
1 5 -54
1 17 -6
1 9 -57
1 8 28
2 4 22
2 5 -24
2 6 -38
2 7 -55
2 8 57
3 5 -26
3 19 -60
3 10 -38
3 14 -21
3 17 8
3 4 -29
3 9 -2
3 15 30
3 7 44
4 5 -35
4 19 39
4 12 32
4 14 11
5 6 16
5 8 13
5 9 60
5 18 41
5 14 20
5 15 56
6 7 48
6 8 -11
6 9 -56
6 10 26
6 18 -54
6 16 53
6 11 48
7 8 14
7 9 13
7 10 -39
8 18 8
8 9 2
9 11 48
9 13 -14
9 18 -21
10 12 42
10 13 -6
10 14 -8
10 17 53
11 12 -4
11 14 -44
11 18 -26
11 13 -13
12 15 -57
12 16 -30
12 17 26
13 14 7
13 15 -30
13 16 -31
13 19 -47
14 15 -52
14 18 -38
15 16 20
15 17 -12
15 19 -8
15 18 -53
16 17 24
16 19 -32
17 18 37
17 19 55
-1
-1491
