ws_20_100
20
92
-3
-62
78
-59
-64
13
78
-48
25
-17
42
19
-100
-17
42
39
55
87
5
0 1 -100
0 2 4
0 18 44
0 3 -71
0 17 -99
0 4 -36
0 16 99
0 8 73
0 19 -12
1 3 -50
1 19 72
1 18 96
1 5 -73
1 17 87
1 9 31
1 8 -16
2 4 16
2 5 76
2 6 42
2 7 -51
2 8 44
3 5 -50
3 19 -96
3 10 -41
3 14 -14
3 17 7
3 4 -11
3 9 -24
3 15 -69
3 7 57
4 5 42
4 19 77
4 12 62
4 14 -59
5 6 26
5 8 -49
5 9 94
5 18 87
5 14 -69
5 15 -81
6 7 42
6 8 18
6 9 94
6 10 -35
6 18 2
6 16 83
6 11 6
7 8 -27
7 9 42
7 10 -74
8 18 17
8 9 5
9 11 60
9 13 98
9 18 -53
10 12 43
10 13 38
10 14 -96
10 17 -70
11 12 -76
11 14 -4
11 18 85
11 13 47
12 15 27
12 16 -75
12 17 92
13 14 37
13 15 61
13 16 -18
13 19 -6
14 15 93
14 18 -5
15 16 -53
15 17 -94
15 19 15
15 18 39
16 17 -43
16 19 -40
17 18 -48
17 19 -17
-1
-2426
