ws_50_10
50
-7
-2
5
8
9
-6
7
4
-7
-9
9
-2
-9
-3
-5
5
6
7
-8
-8
3
-5
10
9
-2
-6
4
3
2
-10
-8
2
-9
-10
-8
-8
3
-10
2
-9
6
8
-3
6
9
4
-3
-7
6
3
0 1 10
0 49 -7
0 2 -8
0 3 -5
0 47 6
0 4 7
0 36 4
0 35 -3
1 4 -5
1 48 -10
1 5 -3
1 18 -10
1 8 6
1 19 -10
2 4 6
2 5 3
2 7 -9
2 43 4
2 28 -2
2 18 6
3 5 5
3 6 7
3 49 2
3 8 -9
3 48 -4
3 41 10
3 11 8
3 26 -5
3 9 9
3 20 3
4 6 10
4 7 4
4 8 5
4 49 -2
4 39 -5
4 33 -6
4 46 8
5 6 5
5 7 -8
5 9 -5
5 10 -3
5 27 -7
5 49 -7
5 20 -6
5 26 -6
6 7 6
6 8 3
6 10 -4
6 11 6
6 49 7
6 42 8
6 26 -9
7 8 8
7 9 -8
7 10 -10
7 11 -6
7 44 -10
7 14 9
7 25 9
8 9 10
8 11 4
8 12 -3
8 34 6
8 39 4
9 10 6
9 12 8
9 13 -10
9 14 -6
9 37 -8
10 11 2
10 13 -3
10 14 -10
10 15 2
10 19 6
10 12 8
10 46 -3
11 13 8
11 14 10
11 15 -2
11 23 -6
11 47 2
11 27 -9
12 13 3
12 14 -2
12 16 -9
12 46 -9
12 48 -8
12 49 2
13 14 7
13 16 7
13 18 10
13 25 8
13 41 -3
13 46 5
14 15 -7
14 17 8
14 18 -4
14 19 4
14 37 -5
15 16 7
15 17 -2
15 18 -3
15 19 -4
15 20 -3
16 18 2
16 20 -6
16 21 -3
16 35 -2
16 41 3
16 32 -6
17 18 6
17 19 9
17 20 10
17 21 -9
17 22 4
17 35 3
18 19 -7
18 20 -2
18 21 -7
18 22 8
18 23 6
18 35 9
19 20 3
19 23 -7
19 24 6
19 41 -8
19 28 10
19 45 8
19 49 -10
19 37 -2
19 27 9
20 21 6
20 22 4
20 25 -8
20 30 -2
20 49 -5
20 26 4
21 22 -2
21 23 -4
21 24 -4
21 25 -2
21 26 6
22 24 3
22 25 -2
22 34 3
22 43 -10
22 41 7
23 24 8
23 26 -5
23 27 4
23 28 6
23 43 9
24 26 8
24 27 3
24 28 -10
24 29 -2
24 45 8
24 34 2
25 26 7
25 27 6
25 28 4
25 29 -10
25 30 3
25 46 3
26 28 -10
27 28 4
27 30 -3
27 31 -9
28 29 -8
28 31 5
28 32 -3
28 33 -10
29 30 -10
29 31 4
29 32 -5
29 34 -4
29 36 -2
30 31 8
30 34 -10
30 35 6
30 40 6
31 33 9
31 34 -2
31 35 3
31 36 8
31 43 9
31 39 7
32 34 7
32 35 5
32 37 -4
32 39 -6
32 42 8
33 38 -3
33 40 -3
33 49 10
33 46 -5
33 45 -5
34 35 -6
34 36 -7
34 37 6
34 48 -8
34 41 -6
34 47 6
35 38 10
35 39 9
35 40 10
35 36 -10
36 39 9
36 40 10
36 41 8
37 38 -3
37 40 6
37 42 4
38 39 -2
38 40 2
38 42 -2
38 43 8
38 47 6
39 41 5
39 42 8
39 43 3
39 44 9
40 41 3
40 42 -10
40 43 4
40 44 2
40 45 -2
41 44 -2
41 45 9
41 46 5
42 43 -4
42 44 5
42 47 -5
43 44 7
43 46 -3
43 47 3
43 48 -2
44 46 2
44 47 -5
44 48 8
44 49 -4
45 46 9
45 47 6
45 48 6
45 49 -5
46 48 3
46 49 -9
47 48 8
47 49 5
48 49 -9
-1
-798
