ws_50_100
50
11
25
17
4
19
-77
-57
14
18
-22
28
67
61
7
-60
-57
29
8
40
-78
75
-61
50
97
-62
-91
-84
86
13
-45
35
-23
100
43
87
-77
30
-52
-58
-88
-84
-75
25
-55
27
-66
88
-61
18
98
0 1 20
0 49 44
0 2 -74
0 3 -74
0 47 -17
0 4 78
0 36 -98
0 35 -4
1 4 -93
1 48 39
1 5 -88
1 18 -79
1 8 86
1 19 13
2 4 19
2 5 49
2 7 73
2 43 5
2 28 -35
2 18 -78
3 5 -69
3 6 -31
3 49 42
3 8 93
3 48 -38
3 41 -88
3 11 58
3 26 -4
3 9 62
3 20 -98
4 6 99
4 7 -51
4 8 -47
4 49 -98
4 39 74
4 33 65
4 46 -83
5 6 -32
5 7 -7
5 9 33
5 10 -48
5 27 93
5 49 -70
5 20 -91
5 26 19
6 7 -44
6 8 -55
6 10 -10
6 11 64
6 49 -8
6 42 66
6 26 42
7 8 -22
7 9 87
7 10 -31
7 11 35
7 44 -79
7 14 -47
7 25 -58
8 9 48
8 11 -22
8 12 86
8 34 30
8 39 -56
9 10 -11
9 12 -55
9 13 -84
9 14 30
9 37 66
10 11 -60
10 13 96
10 14 -58
10 15 -71
10 19 -46
10 12 -21
10 46 22
11 13 91
11 14 -24
11 15 62
11 23 99
11 47 -72
11 27 -9
12 13 24
12 14 -49
12 16 12
12 46 64
12 48 2
12 49 -88
13 14 23
13 16 75
13 18 87
13 25 -70
13 41 17
13 46 25
14 15 -7
14 17 14
14 18 -15
14 19 -2
14 37 75
15 16 91
15 17 14
15 18 -14
15 19 -80
15 20 81
16 18 96
16 20 -63
16 21 8
16 35 28
16 41 -38
16 32 -19
17 18 26
17 19 99
17 20 37
17 21 -40
17 22 80
17 35 32
18 19 -25
18 20 34
18 21 -27
18 22 22
18 23 -98
18 35 -2
19 20 62
19 23 64
19 24 -17
19 41 -34
19 28 6
19 45 97
19 49 -56
19 37 22
19 27 94
20 21 -8
20 22 34
20 25 88
20 30 35
20 49 48
20 26 41
21 22 -36
21 23 16
21 24 -78
21 25 73
21 26 96
22 24 54
22 25 -92
22 34 -81
22 43 55
22 41 47
23 24 17
23 26 77
23 27 25
23 28 -75
23 43 90
24 26 -16
24 27 -19
24 28 65
24 29 -37
24 45 67
24 34 24
25 26 94
25 27 98
25 28 -57
25 29 -15
25 30 -81
25 46 -4
26 28 48
27 28 31
27 30 25
27 31 -44
28 29 91
28 31 40
28 32 50
28 33 -46
29 30 58
29 31 -81
29 32 99
29 34 27
29 36 -66
30 31 70
30 34 -93
30 35 -10
30 40 48
31 33 15
31 34 -23
31 35 5
31 36 -51
31 43 2
31 39 -59
32 34 -60
32 35 34
32 37 66
32 39 -36
32 42 71
33 38 -41
33 40 36
33 49 49
33 46 -14
33 45 45
34 35 -21
34 36 -74
34 37 65
34 48 17
34 41 -96
34 47 -63
35 38 -54
35 39 24
35 40 -3
35 36 21
36 39 14
36 40 -24
36 41 -25
37 38 -32
37 40 -5
37 42 100
38 39 98
38 40 55
38 42 25
38 43 100
38 47 79
39 41 -28
39 42 67
39 43 -11
39 44 30
40 41 11
40 42 91
40 43 -90
40 44 -46
40 45 -81
41 44 -36
41 45 25
41 46 -27
42 43 36
42 44 -80
42 47 -55
43 44 86
43 46 18
43 47 -86
43 48 -56
44 46 -63
44 47 -88
44 48 38
44 49 82
45 46 62
45 47 34
45 48 -36
45 49 -18
46 48 -77
46 49 39
47 48 -87
47 49 -98
48 49 -96
-1
-7366
