ws_50_30
50
17
-11
-21
16
23
6
25
-13
4
-22
-9
20
13
4
-10
18
27
-22
10
4
18
5
6
12
-19
-24
14
-23
-2
-26
-10
5
10
-2
25
26
24
18
-21
30
12
-17
-26
-12
-25
15
-14
7
23
25
0 1 23
0 49 2
0 2 -10
0 3 -30
0 47 -18
0 4 25
0 36 -26
0 35 14
1 4 2
1 48 -13
1 5 11
1 18 -19
1 8 -10
1 19 3
2 4 -3
2 5 18
2 7 -15
2 43 -23
2 28 -8
2 18 14
3 5 -24
3 6 12
3 49 -19
3 8 9
3 48 12
3 41 -21
3 11 20
3 26 -30
3 9 19
3 20 2
4 6 -26
4 7 -19
4 8 8
4 49 -27
4 39 -22
4 33 12
4 46 -27
5 6 8
5 7 26
5 9 -12
5 10 11
5 27 27
5 49 -8
5 20 -20
5 26 17
6 7 4
6 8 -10
6 10 -7
6 11 15
6 49 -8
6 42 -17
6 26 25
7 8 -16
7 9 -24
7 10 -26
7 11 -14
7 44 -8
7 14 -7
7 25 20
8 9 -7
8 11 6
8 12 -30
8 34 -18
8 39 22
9 10 9
9 12 26
9 13 25
9 14 3
9 37 -10
10 11 23
10 13 3
10 14 -30
10 15 -4
10 19 -4
10 12 -25
10 46 -24
11 13 24
11 14 16
11 15 6
11 23 -18
11 47 23
11 27 26
12 13 28
12 14 -7
12 16 20
12 46 20
12 48 8
12 49 12
13 14 -14
13 16 10
13 18 8
13 25 8
13 41 10
13 46 7
14 15 -30
14 17 23
14 18 -28
14 19 -4
14 37 -24
15 16 24
15 17 -6
15 18 15
15 19 26
15 20 10
16 18 5
16 20 -28
16 21 -5
16 35 6
16 41 -4
16 32 12
17 18 3
17 19 10
17 20 25
17 21 -18
17 22 22
17 35 6
18 19 7
18 20 3
18 21 -28
18 22 -12
18 23 17
18 35 -5
19 20 15
19 23 21
19 24 -21
19 41 -11
19 28 5
19 45 -22
19 49 22
19 37 19
19 27 -18
20 21 -7
20 22 -11
20 25 -29
20 30 20
20 49 19
20 26 -17
21 22 -14
21 23 -19
21 24 -8
21 25 -23
21 26 -10
22 24 -21
22 25 -2
22 34 20
22 43 5
22 41 -4
23 24 -11
23 26 10
23 27 -15
23 28 -5
23 43 -26
24 26 6
24 27 -27
24 28 -18
24 29 -25
24 45 30
24 34 3
25 26 -16
25 27 -22
25 28 -19
25 29 -16
25 30 30
25 46 7
26 28 19
27 28 -6
27 30 8
27 31 -26
28 29 -18
28 31 12
28 32 5
28 33 -24
29 30 -3
29 31 7
29 32 -27
29 34 18
29 36 -26
30 31 26
30 34 27
30 35 -22
30 40 29
31 33 -21
31 34 18
31 35 23
31 36 23
31 43 12
31 39 23
32 34 3
32 35 28
32 37 27
32 39 30
32 42 -22
33 38 -14
33 40 17
33 49 24
33 46 -8
33 45 -12
34 35 -22
34 36 -4
34 37 -2
34 48 5
34 41 20
34 47 24
35 38 19
35 39 -19
35 40 -24
35 36 -27
36 39 6
36 40 14
36 41 22
37 38 -2
37 40 -22
37 42 -4
38 39 -11
38 40 30
38 42 8
38 43 -15
38 47 11
39 41 15
39 42 2
39 43 -22
39 44 23
40 41 13
40 42 -10
40 43 5
40 44 -28
40 45 -14
41 44 15
41 45 -26
41 46 -25
42 43 7
42 44 -11
42 47 -23
43 44 17
43 46 18
43 47 -14
43 48 -17
44 46 -21
44 47 2
44 48 9
44 49 -13
45 46 -8
45 47 -28
45 48 14
45 49 16
46 48 -14
46 49 -11
47 48 -22
47 49 -29
48 49 21
-1
-2138
