ws_50_60
50
17
-7
-15
-19
-25
-46
-36
5
-14
40
29
27
-9
-21
23
13
54
-60
-24
-14
-6
59
40
-31
3
-24
-23
25
11
-21
-18
40
-53
38
8
-16
-30
13
-58
-7
-21
-58
35
-6
37
21
-51
-31
-18
18
0 1 21
0 49 11
0 2 -21
0 3 33
0 47 -27
0 4 33
0 36 55
0 35 39
1 4 -6
1 48 -5
1 5 21
1 18 -14
1 8 -23
1 19 41
2 4 -37
2 5 -39
2 7 30
2 43 -39
2 28 38
2 18 -28
3 5 -34
3 6 48
3 49 -12
3 8 -5
3 48 29
3 41 -43
3 11 -27
3 26 -27
3 9 -58
3 20 -55
4 6 57
4 7 55
4 8 -7
4 49 -12
4 39 44
4 33 26
4 46 -34
5 6 -59
5 7 -13
5 9 26
5 10 -51
5 27 10
5 49 -3
5 20 -42
5 26 -34
6 7 32
6 8 16
6 10 -31
6 11 -38
6 49 -8
6 42 2
6 26 -15
7 8 59
7 9 46
7 10 -48
7 11 51
7 44 -19
7 14 -8
7 25 -48
8 9 60
8 11 43
8 12 -56
8 34 -48
8 39 51
9 10 7
9 12 -10
9 13 -39
9 14 35
9 37 20
10 11 39
10 13 -45
10 14 2
10 15 -58
10 19 45
10 12 -4
10 46 35
11 13 32
11 14 -9
11 15 -47
11 23 46
11 47 46
11 27 17
12 13 57
12 14 30
12 16 -21
12 46 29
12 48 -30
12 49 -39
13 14 -53
13 16 -30
13 18 58
13 25 15
13 41 35
13 46 17
14 15 41
14 17 -51
14 18 5
14 19 -39
14 37 10
15 16 -45
15 17 11
15 18 -23
15 19 -7
15 20 -13
16 18 26
16 20 -51
16 21 36
16 35 -41
16 41 17
16 32 27
17 18 6
17 19 -9
17 20 11
17 21 -13
17 22 41
17 35 -15
18 19 46
18 20 52
18 21 4
18 22 6
18 23 17
18 35 -27
19 20 -17
19 23 -30
19 24 56
19 41 12
19 28 -55
19 45 54
19 49 7
19 37 -42
19 27 31
20 21 26
20 22 12
20 25 -42
20 30 54
20 49 27
20 26 -12
21 22 -5
21 23 -31
21 24 -8
21 25 -55
21 26 -53
22 24 39
22 25 3
22 34 -42
22 43 -28
22 41 7
23 24 13
23 26 37
23 27 40
23 28 37
23 43 -13
24 26 7
24 27 24
24 28 -9
24 29 -40
24 45 -29
24 34 58
25 26 6
25 27 -20
25 28 -23
25 29 -40
25 30 -29
25 46 51
26 28 60
27 28 -32
27 30 -2
27 31 45
28 29 10
28 31 26
28 32 28
28 33 -57
29 30 -38
29 31 -45
29 32 -44
29 34 -12
29 36 -35
30 31 22
30 34 18
30 35 -37
30 40 49
31 33 -14
31 34 15
31 35 -60
31 36 -24
31 43 45
31 39 22
32 34 52
32 35 -15
32 37 46
32 39 31
32 42 10
33 38 17
33 40 23
33 49 54
33 46 -56
33 45 29
34 35 36
34 36 21
34 37 -3
34 48 -40
34 41 32
34 47 -58
35 38 45
35 39 35
35 40 -23
35 36 30
36 39 35
36 40 6
36 41 -51
37 38 32
37 40 58
37 42 -32
38 39 50
38 40 55
38 42 -19
38 43 45
38 47 5
39 41 -16
39 42 -16
39 43 -22
39 44 29
40 41 47
40 42 38
40 43 -33
40 44 7
40 45 37
41 44 -51
41 45 -60
41 46 -5
42 43 -24
42 44 -9
42 47 25
43 44 -46
43 46 33
43 47 8
43 48 -3
44 46 19
44 47 -34
44 48 25
44 49 -17
45 46 -36
45 47 -17
45 48 51
45 49 29
46 48 -46
46 49 -30
47 48 -14
47 49 -46
48 49 57
-1
-4345
