ba100
100
2
-12
-2
-19
-10
-5
-3
19
17
12
14
-16
16
-4
18
-17
20
17
-11
14
6
-8
15
-7
5
-13
16
5
-20
4
-8
-2
14
-2
18
15
14
-20
-7
-17
3
6
20
9
-3
18
-10
19
-18
4
17
14
20
-13
-8
-3
-4
-5
-20
-12
-14
10
11
16
-14
-8
-12
11
-15
-13
6
-4
-8
11
-2
-17
-12
-14
-12
-10
20
-12
14
-4
14
-12
-19
14
-14
-12
-14
17
-17
14
18
-7
-9
-2
-12
5
0 1 -6
0 2 -13
0 3 -13
0 4 -10
0 5 17
0 6 -11
0 7 13
0 8 8
0 9 8
0 10 8
0 11 9
0 12 -10
0 13 -6
0 14 3
0 15 -9
0 16 -6
0 17 -14
0 18 11
0 19 -2
0 20 -4
0 21 -3
0 22 -15
0 23 -20
0 24 11
0 25 3
0 26 -18
0 27 -7
0 28 12
0 29 9
0 30 8
0 31 11
0 32 -4
0 33 14
0 34 9
0 35 12
0 36 -6
0 39 -6
0 42 -2
0 47 -13
0 49 -6
0 51 15
0 56 -9
0 57 -8
0 58 -6
0 63 -16
0 64 -18
0 67 -7
0 71 -7
0 72 -16
0 76 3
0 79 5
0 86 -9
0 87 -7
0 90 -14
0 91 12
0 96 14
0 97 -15
1 19 -15
1 21 10
1 22 5
1 24 17
1 25 -3
1 26 4
1 29 -8
1 31 20
1 34 -4
1 36 10
1 37 -4
1 40 -14
1 42 13
1 43 16
1 46 -2
1 47 -10
1 51 6
1 54 -13
1 64 4
1 70 -20
1 74 -19
1 75 -10
1 77 -18
1 79 -2
1 84 -4
1 85 2
1 88 -2
1 94 -19
2 19 5
2 20 18
2 21 -9
2 22 -9
2 24 17
2 26 -16
2 27 6
2 28 20
2 33 -12
2 36 -3
2 37 -16
2 39 -17
2 42 7
2 44 15
2 50 7
2 56 2
2 58 17
2 63 -5
2 77 4
2 79 15
2 82 -6
2 83 -8
2 92 -14
2 94 5
2 95 -5
3 19 5
3 20 -12
3 21 12
3 22 11
3 23 2
3 24 -10
3 25 -2
3 27 -2
3 28 -17
3 29 -11
3 30 18
3 32 -13
3 33 17
3 37 9
3 43 -16
3 44 -12
3 47 17
3 49 7
3 52 2
3 55 15
3 58 -20
3 59 7
3 67 -13
3 72 3
3 74 14
3 77 -14
3 80 -19
3 83 -3
3 86 -17
3 88 11
3 89 -12
3 92 7
3 93 16
4 19 -10
4 20 9
4 21 9
4 23 12
4 28 -14
4 29 -15
4 32 4
4 42 -15
4 48 -17
4 50 -10
4 59 -19
4 72 16
4 91 17
5 19 3
5 20 -16
5 21 -4
5 22 -10
5 23 -13
5 24 -7
5 31 16
5 32 12
5 33 10
5 34 -13
5 42 -8
5 48 14
5 67 3
5 71 8
5 73 13
5 74 -4
5 78 -9
5 80 12
5 81 19
5 85 -15
5 89 5
5 91 -10
5 94 8
5 99 -9
6 19 -14
6 20 -17
6 21 -8
6 22 13
6 23 -16
6 24 15
6 25 -18
6 26 19
6 30 -9
6 34 -7
6 37 -4
6 45 4
6 49 -4
6 50 5
6 51 -4
6 52 -8
6 54 19
6 55 2
6 62 7
6 68 -17
6 78 -10
6 81 7
6 90 -8
7 19 5
7 20 19
7 22 -18
7 24 7
7 25 19
7 26 7
7 27 8
7 28 17
7 30 -4
7 33 6
7 35 6
7 36 3
7 38 -10
7 39 -15
7 41 -14
7 44 -17
7 45 -6
7 46 13
7 52 -5
7 53 8
7 54 -7
7 58 9
7 67 -13
7 71 -2
7 78 12
7 86 4
7 87 3
8 19 19
8 20 6
8 21 -19
8 22 19
8 23 12
8 24 12
8 25 -18
8 26 17
8 27 8
8 28 2
8 29 -2
8 31 17
8 33 9
8 40 16
8 41 -6
8 42 13
8 44 -16
8 49 -10
8 50 -14
8 56 -20
8 66 14
8 69 -14
8 71 18
8 74 10
8 80 -7
8 81 5
8 82 -10
8 85 17
8 86 16
8 95 14
9 19 -3
9 20 -12
9 21 -16
9 22 19
9 23 -8
9 24 -3
9 25 9
9 27 13
9 33 -9
9 46 -17
9 51 -5
9 52 -18
9 58 10
9 63 16
9 71 19
9 73 -20
9 75 -12
9 79 7
9 85 -9
9 89 -8
9 92 -17
9 96 -17
9 98 5
9 99 -16
10 20 14
10 24 -17
10 25 6
10 26 5
10 27 3
10 28 -17
10 31 6
10 32 4
10 34 -19
10 38 2
10 39 -11
10 42 -2
10 43 -10
10 47 -6
10 50 19
10 51 19
10 57 -5
10 65 16
10 70 -20
10 73 -16
10 80 12
10 89 3
11 19 -17
11 20 -3
11 21 17
11 22 19
11 23 13
11 25 17
11 27 6
11 30 -3
11 31 10
11 32 -13
11 33 6
11 34 -6
11 35 -2
11 38 -9
11 39 17
11 45 -2
11 47 -18
11 59 5
11 62 -11
11 63 -11
11 65 -3
11 72 15
11 75 -11
11 76 -7
11 79 -16
11 83 -11
11 84 -9
11 87 18
11 88 20
11 92 -5
11 97 13
11 98 -19
11 99 -10
12 19 -20
12 20 -11
12 21 -20
12 23 12
12 25 -17
12 26 -20
12 28 6
12 29 -17
12 31 7
12 34 -19
12 36 -2
12 37 -9
12 40 -18
12 41 -3
12 47 -20
12 48 -9
12 85 14
12 91 -5
12 99 9
13 19 -8
13 21 15
13 22 18
13 24 16
13 25 9
13 30 20
13 31 4
13 37 -18
13 42 -17
13 44 17
13 51 16
13 53 -10
13 74 14
14 19 11
14 20 3
14 21 7
14 23 6
14 27 8
14 30 -12
14 32 -3
14 38 3
14 57 -19
14 63 -5
14 66 13
14 82 -5
14 94 -6
15 19 -14
15 20 -16
15 21 -9
15 22 20
15 23 4
15 26 6
15 29 -17
15 30 -6
15 34 20
15 35 8
15 37 -11
15 38 -20
15 42 -8
15 45 7
15 55 -15
15 68 5
15 72 -13
15 74 12
15 90 12
15 96 -5
16 19 14
16 20 -8
16 22 18
16 23 -4
16 24 -8
16 31 -6
16 32 -11
16 35 14
16 38 -15
16 41 -20
16 43 7
16 45 2
16 46 6
16 61 -16
16 72 -4
16 74 -11
16 87 13
16 90 -15
17 19 17
17 20 -18
17 21 18
17 22 5
17 23 -14
17 24 3
17 25 3
17 26 -5
17 27 17
17 28 -14
17 29 -20
17 30 3
17 33 15
17 35 -16
17 36 -8
17 38 9
17 39 16
17 41 6
17 43 -18
17 44 19
17 45 -4
17 46 3
17 49 -5
17 51 -13
17 53 7
17 57 -4
17 61 13
17 75 -19
17 76 12
17 77 -16
17 78 -14
17 85 -18
17 88 -18
17 89 -2
18 19 9
18 20 -8
18 21 -8
18 22 -9
18 23 12
18 24 11
18 26 15
18 27 -15
18 28 -5
18 29 9
18 30 -6
18 32 -3
18 33 -5
18 34 -7
18 37 13
18 38 10
18 39 20
18 40 -4
18 41 11
18 46 -2
18 52 17
18 56 20
18 58 11
18 60 3
18 68 -11
18 70 8
18 73 8
18 82 7
18 86 4
18 89 4
18 93 -10
18 95 18
19 20 3
19 21 -15
19 22 -12
19 23 4
19 24 -11
19 25 -10
19 26 -11
19 27 8
19 28 -7
19 29 11
19 30 15
19 31 9
19 34 -20
19 36 15
19 38 14
19 39 18
19 41 6
19 43 -20
19 44 6
19 47 16
19 48 -13
19 50 -20
19 51 -4
19 53 2
19 55 -8
19 57 -14
19 60 12
19 61 9
19 63 15
19 66 -8
19 68 16
19 69 -8
19 70 -19
19 74 -6
19 75 6
19 81 2
19 84 -13
19 86 19
19 89 15
19 90 20
19 91 -10
19 94 11
19 98 -8
20 21 -13
20 22 -16
20 23 15
20 24 9
20 25 -4
20 26 5
20 28 6
20 29 -2
20 30 15
20 31 -14
20 32 9
20 33 6
20 34 20
20 35 -9
20 37 15
20 38 14
20 40 -19
20 41 -13
20 42 -14
20 44 4
20 45 16
20 47 11
20 48 -14
20 52 14
20 55 20
20 56 3
20 60 3
20 61 -9
20 65 -19
20 66 8
20 71 14
20 75 5
20 76 -6
20 78 -5
20 80 -7
20 84 -17
20 85 -11
20 86 14
20 92 -8
20 94 -4
20 96 -12
20 97 10
21 22 20
21 23 15
21 25 20
21 26 18
21 27 -20
21 28 -8
21 29 12
21 30 12
21 31 17
21 32 9
21 35 12
21 36 -2
21 37 11
21 38 17
21 39 -2
21 41 16
21 42 -18
21 45 -8
21 47 -10
21 49 -11
21 50 3
21 51 17
21 52 17
21 55 -4
21 56 9
21 59 15
21 61 -7
21 62 13
21 63 10
21 64 8
21 65 6
21 72 3
21 76 6
21 80 -4
21 81 -7
21 83 -14
21 86 9
21 92 8
21 98 -12
22 23 11
22 24 10
22 25 -3
22 26 7
22 27 -17
22 28 2
22 31 -14
22 35 18
22 36 -5
22 37 9
22 39 7
22 40 19
22 46 -15
22 47 12
22 48 3
22 54 8
22 56 -7
22 62 4
22 64 -12
22 72 -13
22 81 7
22 89 16
22 93 11
23 24 20
23 25 17
23 26 18
23 27 11
23 28 -19
23 29 17
23 30 -9
23 31 -13
23 32 -15
23 33 -11
23 34 -14
23 35 -17
23 36 13
23 37 -19
23 38 -15
23 39 -17
23 40 -3
23 43 7
23 44 13
23 48 17
23 50 5
23 53 -7
23 54 10
23 58 -3
23 63 11
23 65 4
23 66 13
23 72 -8
23 74 -17
23 79 -5
23 80 -6
23 87 -19
23 88 20
23 90 3
23 98 8
23 99 -16
24 25 11
24 26 8
24 27 20
24 29 20
24 30 -19
24 33 -17
24 34 20
24 35 -5
24 36 -16
24 37 -5
24 38 -8
24 40 -15
24 41 20
24 43 -11
24 44 -11
24 45 -13
24 46 -13
24 48 -3
24 50 10
24 54 16
24 55 19
24 59 -12
24 60 14
24 64 8
24 66 -14
24 67 -18
24 70 18
24 71 -3
24 73 -18
24 74 -5
24 75 -9
24 77 10
24 81 12
24 83 15
24 87 -16
24 94 -16
24 97 6
25 26 -9
25 27 19
25 28 -4
25 29 -12
25 30 9
25 32 7
25 33 4
25 34 -19
25 40 -15
25 41 3
25 43 4
25 45 -17
25 46 -20
25 47 -16
25 50 -15
25 52 7
25 55 -20
25 57 4
25 58 -18
25 62 12
25 65 16
25 73 -5
25 78 12
25 79 19
25 80 9
25 82 -6
25 89 -13
25 92 12
25 93 6
25 96 -14
26 27 -15
26 28 -9
26 29 12
26 30 14
26 31 8
26 33 -5
26 35 -10
26 37 -19
26 39 -5
26 40 -19
26 41 12
26 43 -20
26 44 12
26 49 7
26 50 -17
26 51 8
26 56 -4
26 58 12
26 59 11
26 65 14
26 66 5
26 70 -17
26 72 -8
26 73 20
26 76 16
26 77 3
26 80 -9
26 82 19
26 88 7
26 91 20
26 93 8
26 95 10
26 96 -4
27 28 -10
27 29 -12
27 30 17
27 32 10
27 34 -16
27 36 -10
27 39 -5
27 41 -13
27 42 -14
27 44 -12
27 47 -12
27 48 12
27 49 7
27 52 -7
27 60 13
27 61 15
27 62 17
27 70 -18
27 71 17
27 74 -15
27 78 -19
27 82 3
27 83 -11
27 84 2
27 85 -19
27 86 18
27 87 19
27 88 9
27 91 -6
27 92 13
27 94 8
28 29 13
28 31 17
28 32 -20
28 33 -11
28 35 -15
28 36 4
28 37 -6
28 38 -20
28 43 5
28 48 12
28 55 3
28 57 17
28 59 -6
28 60 3
28 61 17
28 64 -3
28 69 -12
28 71 5
28 72 -18
28 73 6
28 78 -3
28 80 -18
28 82 -17
28 84 -16
28 90 5
28 91 15
28 98 14
28 99 16
29 31 -5
29 32 11
29 33 -13
29 36 3
29 37 17
29 40 -7
29 45 9
29 50 -10
29 57 14
29 59 -3
29 61 -5
29 71 -8
29 72 -6
29 73 4
29 76 -12
29 79 -5
29 81 -4
29 85 7
29 92 -12
29 93 2
29 97 3
29 98 12
30 31 19
30 32 3
30 34 -18
30 35 2
30 36 3
30 38 9
30 41 7
30 42 -13
30 43 -3
30 44 -13
30 45 17
30 46 12
30 47 19
30 48 6
30 51 -14
30 53 13
30 54 -15
30 56 20
30 57 17
30 60 -19
30 62 -4
30 64 18
30 65 2
30 74 12
30 75 9
30 76 -16
30 78 -3
30 83 -10
30 85 9
30 89 -3
30 92 -7
30 95 -7
30 97 -3
31 32 13
31 34 7
31 35 -3
31 36 7
31 38 -19
31 39 15
31 40 16
31 41 -9
31 42 9
31 43 13
31 45 18
31 46 16
31 47 7
31 49 -19
31 50 -4
31 52 17
31 53 5
31 55 14
31 57 13
31 58 9
31 63 -20
31 64 7
31 69 7
31 70 -19
31 73 3
31 76 9
31 77 -6
31 78 -17
31 82 -15
31 87 3
31 89 11
31 91 -5
31 92 -19
31 95 3
31 97 -20
31 98 9
32 33 -10
32 35 -7
32 36 -4
32 39 17
32 40 -19
32 42 13
32 43 12
32 45 19
32 46 -3
32 47 6
32 49 17
32 53 18
32 54 15
32 56 15
32 58 10
32 61 -7
32 62 -12
32 67 16
32 69 -5
32 72 -6
32 75 -10
32 77 -10
32 83 -11
32 87 -14
32 96 12
32 97 -16
33 34 -12
33 35 12
33 36 20
33 37 18
33 38 -19
33 39 18
33 40 16
33 42 -5
33 46 12
33 48 9
33 51 -4
33 52 4
33 53 -3
33 55 16
33 59 12
33 60 11
33 61 16
33 62 7
33 63 19
33 65 6
33 66 -20
33 67 8
33 68 4
33 69 2
33 70 -3
33 74 -4
33 76 18
33 77 10
33 81 -7
33 82 10
33 83 -9
33 84 14
33 85 -5
33 86 3
33 90 6
33 91 -3
33 95 2
33 99 5
34 35 -9
34 39 17
34 40 -8
34 41 18
34 42 13
34 43 -2
34 46 13
34 48 -9
34 51 7
34 53 -17
34 55 16
34 60 11
34 62 -17
34 63 -9
34 64 -10
34 66 -7
34 67 -4
34 69 2
34 73 12
34 75 -3
34 81 17
34 84 -4
34 89 19
34 98 -7
35 37 4
35 38 9
35 39 2
35 41 -16
35 42 2
35 44 20
35 45 -2
35 49 17
35 51 -6
35 52 -15
35 53 10
35 54 -15
35 55 19
35 56 -15
35 60 17
35 61 -2
35 63 -12
35 67 -2
35 68 8
35 78 -10
35 79 -12
35 82 2
35 83 2
35 84 -14
35 91 12
35 93 -3
35 94 2
35 96 20
36 40 7
36 48 6
36 49 -2
36 51 16
36 53 -19
36 54 -19
36 59 6
36 65 5
36 75 16
36 78 -20
36 82 -14
36 98 9
37 40 -13
37 44 -20
37 45 4
37 50 11
37 54 3
37 55 15
37 59 -8
37 61 -15
37 62 18
37 63 5
37 66 7
37 69 -14
37 70 -17
37 76 -3
37 82 -16
37 83 19
38 40 -12
38 43 20
38 44 6
38 47 5
38 50 12
38 51 -4
38 52 -12
38 53 18
38 56 19
38 60 -2
38 64 16
38 66 -17
38 70 -6
38 74 -13
38 75 2
38 76 2
38 96 4
38 97 3
39 41 -3
39 53 -11
39 58 13
39 59 19
39 67 5
39 69 5
39 78 14
39 79 -9
39 84 12
39 86 12
39 90 -14
39 99 -4
40 43 -3
40 46 -20
40 49 15
40 51 8
40 52 -14
40 56 12
40 60 -17
40 62 19
40 63 16
40 64 7
40 65 -7
40 70 20
40 82 -2
40 91 9
41 43 15
41 44 5
41 46 -11
41 48 9
41 54 11
41 57 12
41 59 19
41 60 17
41 65 2
41 69 8
41 70 19
41 75 8
41 76 -13
41 78 -9
41 79 13
41 85 4
41 90 -12
41 93 3
42 45 2
42 47 -3
42 49 5
42 53 -9
42 54 14
42 55 15
42 56 -8
42 58 -10
42 59 14
42 60 -17
42 63 10
42 66 -20
42 70 -20
42 88 -7
42 94 -20
42 97 -6
42 98 5
43 44 -2
43 46 15
43 47 -8
43 48 -7
43 49 14
43 51 -15
43 52 -8
43 55 -2
43 56 -2
43 67 -7
43 68 -4
43 71 -11
43 77 -2
43 83 20
43 86 -4
43 98 14
44 45 8
44 46 14
44 48 -9
44 49 2
44 50 -6
44 53 -3
44 56 -6
44 59 11
44 62 -19
44 69 -12
44 71 5
44 76 -8
44 77 -10
44 84 -13
44 92 -2
45 49 -17
45 52 -20
45 54 8
45 56 5
45 57 -13
45 58 -2
45 64 -3
45 65 17
45 66 17
45 67 -6
45 69 14
45 71 8
45 78 -17
45 79 19
45 80 13
45 82 -10
45 88 -9
46 48 -7
46 49 -7
46 50 6
46 53 -11
46 54 10
46 55 -7
46 58 -11
46 61 14
46 62 6
46 63 -19
46 67 -4
46 68 -15
46 69 14
46 72 18
46 81 -16
46 88 -3
46 96 -20
46 98 -12
47 54 4
47 57 -14
47 60 -9
47 61 15
47 66 -19
47 74 19
47 79 19
47 83 7
47 87 10
47 99 14
48 52 16
48 56 20
48 57 -19
48 71 18
48 72 13
48 73 2
48 75 14
48 77 -15
48 84 18
48 94 -12
48 96 -4
49 50 -3
49 52 12
49 55 5
49 57 -11
49 60 -6
49 70 -9
49 71 -20
49 76 -4
49 80 4
49 83 8
49 84 -10
49 85 -12
49 86 -3
49 88 -6
49 95 -2
49 96 14
50 58 -10
50 61 -3
50 63 -12
50 64 12
50 65 20
50 66 -10
50 67 6
50 68 -2
50 69 20
50 79 11
50 81 2
50 96 10
51 54 10
51 57 -17
51 59 -6
51 60 20
51 61 6
51 62 -6
51 65 4
51 70 14
51 76 -13
51 80 11
51 82 -16
51 85 15
51 87 -13
51 89 -8
51 93 13
51 98 16
52 53 3
52 54 -13
52 59 -8
52 64 -9
52 65 15
52 66 16
52 68 -15
52 69 16
52 72 7
52 74 -5
52 78 -6
52 83 -16
52 86 2
52 90 14
52 94 -15
52 99 -19
53 58 -13
53 59 8
53 62 13
53 67 -16
53 69 7
53 71 -7
53 73 19
53 89 15
53 93 16
53 95 17
53 97 14
54 57 -2
54 58 -12
54 62 3
54 64 -6
54 67 12
54 72 4
54 75 17
54 88 6
54 95 -5
54 96 -11
54 99 -19
55 57 -16
55 66 -8
55 68 -20
55 87 5
55 95 5
56 60 10
56 69 -3
56 83 16
56 86 11
56 87 -7
56 90 -19
56 92 14
57 61 15
57 64 7
57 65 12
57 68 11
57 73 4
57 77 -14
57 94 -10
58 62 14
58 65 9
58 67 4
58 68 -18
58 70 7
58 83 14
58 85 14
58 86 -12
58 92 -18
58 97 -18
58 98 -19
58 99 11
59 64 18
59 68 -18
59 73 -18
59 78 -15
59 81 18
59 84 4
59 94 -2
60 61 2
60 63 -19
60 64 -17
60 67 10
60 68 3
60 69 -11
60 75 11
60 76 17
60 79 -2
60 81 6
60 88 -4
60 91 -9
60 92 4
60 93 17
60 97 14
60 98 12
61 68 -16
61 86 7
61 97 -11
62 66 18
62 79 -9
62 88 -19
62 92 -17
62 94 15
63 68 -5
63 72 -13
63 85 -4
63 90 -14
64 70 5
64 74 11
64 77 5
64 79 -12
64 80 10
64 81 -10
65 75 -11
65 77 -17
65 81 5
65 87 -3
65 90 18
65 93 15
65 99 -15
66 73 5
66 74 -3
66 78 -10
66 80 2
66 82 -12
66 83 9
66 91 11
66 93 -10
66 95 -5
67 68 -12
67 71 -12
67 73 3
67 79 12
67 80 -15
67 87 14
67 95 -2
68 71 12
68 76 16
68 87 19
68 90 -12
69 89 19
69 91 -14
70 88 -11
71 73 16
71 77 -18
72 75 15
72 77 2
72 91 -11
72 95 -8
73 81 12
73 87 17
73 95 -3
74 77 -3
74 80 5
75 82 -10
75 84 19
75 85 19
75 89 -18
75 96 -3
76 80 -19
76 89 -12
76 97 5
77 85 13
77 88 -13
78 95 -20
79 81 -4
79 84 17
79 91 19
79 93 13
80 84 -18
80 86 12
80 88 2
80 93 -14
80 96 12
80 97 -6
81 87 8
81 90 19
82 84 15
82 90 4
82 93 2
82 98 19
82 99 -19
83 88 -5
83 89 -14
83 93 -10
83 94 -17
83 99 -8
85 94 -17
85 99 -9
86 91 -19
86 99 15
87 93 -20
88 92 11
88 94 -14
89 90 16
90 95 -15
90 96 6
91 92 -12
91 98 6
92 96 8
92 97 -15
92 99 -7
93 95 -13
93 97 15
-1
-4965