20
6
5
4
3
3
-2
-4
-7
4
4
-6
5
5
-2
3
-9
-7
9
-3
4
0 1 3
0 2 9
0 3 -8
0 4 6
0 5 4
0 6 -4
0 7 2
0 8 -6
0 10 -7
0 11 3
0 13 8
0 14 5
1 5 10
1 7 8
1 12 9
1 14 5
1 17 -10
1 19 8
2 5 -5
2 6 -7
2 9 -8
2 10 -6
2 13 -7
2 15 -9
2 19 6
3 5 -10
3 6 -8
3 7 10
3 8 -9
3 9 -2
3 12 3
3 16 6
3 17 8
3 18 2
4 11 -4
5 6 5
5 7 -2
5 8 5
5 11 2
5 12 6
5 13 -4
5 14 -9
5 16 -3
5 19 10
6 8 -3
7 9 -10
7 10 10
7 12 4
8 9 -8
8 10 5
8 11 4
8 15 10
8 16 10
8 17 -10
8 18 -9
10 16 10
11 13 -3
11 14 -8
11 15 -3
11 17 -4
11 19 -8
14 15 10
14 18 -6
15 18 -6
-1
-245.0
