ba50
50
-7
6
2
9
3
-10
9
6
6
-9
8
4
8
4
8
-3
6
-8
-5
-7
-10
7
-7
9
5
-4
2
-5
8
8
7
-2
-6
-8
9
-4
-2
4
6
-5
-9
-3
-9
5
8
9
-10
-6
3
-5
0 1 -4
0 2 -9
0 3 -9
0 4 2
0 5 -8
0 6 7
0 7 -9
0 8 3
0 9 2
0 10 -9
0 11 3
0 12 2
0 13 -10
0 15 -6
0 17 -5
0 19 -3
0 20 9
0 21 9
0 22 -3
0 23 8
0 24 -10
0 27 -8
0 28 6
0 29 -9
0 31 -2
0 32 8
0 35 9
0 37 6
0 39 8
0 40 3
0 42 -2
0 43 5
0 44 10
0 45 -7
0 47 3
0 48 -3
0 49 10
1 10 -5
1 20 8
1 29 -9
1 30 2
1 44 -6
2 8 -6
2 9 -2
2 12 7
2 15 -6
2 19 -4
2 21 -8
2 24 -6
2 40 -5
2 41 9
2 46 10
3 8 -3
3 10 6
3 18 -10
4 8 -5
4 9 -10
4 13 -6
4 14 -10
4 16 6
4 20 -9
4 25 -10
4 39 3
5 8 -9
5 9 3
5 11 -10
5 14 10
5 21 -5
5 23 -9
5 24 -2
5 29 -10
5 35 -5
5 38 7
5 46 -3
6 8 4
6 9 -4
6 10 7
6 11 9
6 13 8
6 14 4
6 16 10
6 17 2
6 20 -9
6 29 -9
6 33 8
6 35 8
6 36 -5
6 45 7
6 49 5
7 8 3
7 9 3
7 10 4
7 11 -6
7 12 -2
7 13 -10
7 15 -3
7 16 6
7 17 -3
7 18 -3
7 19 -7
7 20 -8
7 21 -5
7 23 10
7 24 2
7 27 3
7 28 -9
7 29 -3
7 30 10
7 40 4
7 42 -6
7 43 -10
7 46 -4
8 9 3
8 10 -8
8 11 2
8 12 -7
8 13 6
8 14 6
8 15 -3
8 16 7
8 17 -4
8 20 10
8 26 9
8 33 -2
8 38 -4
8 41 -3
8 48 -6
9 10 7
9 11 -8
9 12 -10
9 13 3
9 14 3
9 15 -8
9 16 -2
9 17 -6
9 19 6
9 22 -8
9 23 8
9 27 -9
9 28 9
9 30 2
9 31 -7
9 35 -3
9 36 8
9 41 -7
9 43 -10
9 46 10
9 47 7
9 49 -8
10 11 -4
10 12 4
10 13 8
10 15 3
10 18 -9
10 22 9
10 24 -2
10 25 -3
10 26 -7
10 27 3
10 28 -2
10 32 6
10 33 -10
10 39 6
10 41 -8
10 47 -7
11 12 -9
11 14 -9
11 17 4
11 18 10
11 21 -4
11 23 -4
11 25 -5
11 27 6
11 31 5
11 34 7
11 36 -8
11 40 -3
12 16 4
12 18 -3
12 22 -2
12 25 -3
12 28 -4
12 42 6
12 43 5
13 14 10
13 15 -2
13 20 5
13 21 8
13 25 10
13 26 5
13 30 -6
13 44 4
13 45 4
13 47 3
14 16 2
14 26 2
14 43 -5
14 45 9
15 19 -8
15 21 -6
15 23 2
15 32 -6
15 33 -5
15 34 -6
15 36 4
15 44 -4
15 48 5
16 17 7
16 18 4
16 19 -10
16 23 7
16 27 7
16 28 9
16 29 3
16 30 -10
16 31 3
16 34 8
16 37 -7
16 39 -10
16 49 -2
17 18 -4
17 19 -7
17 22 6
17 26 4
17 29 7
17 33 -4
17 35 8
17 44 -4
18 24 -10
18 25 -3
18 28 3
18 30 -7
18 45 9
18 49 7
19 22 10
19 24 -5
19 32 5
19 35 -4
19 37 -7
19 38 -8
19 42 7
19 45 4
19 46 -2
19 49 2
20 41 3
20 48 7
21 22 -7
21 26 4
21 27 3
21 31 10
21 33 -5
21 46 7
21 48 7
22 31 -10
22 32 -7
22 37 -7
22 38 2
22 40 8
22 44 5
23 25 -7
23 36 7
23 37 10
24 34 -5
24 39 -10
25 26 4
25 34 7
25 41 2
25 47 -3
26 39 -3
27 32 -4
27 42 -9
28 30 -6
28 32 7
28 36 -4
28 37 -2
28 38 -6
28 47 5
29 31 10
29 34 7
29 47 10
30 33 9
30 37 -10
30 48 -4
31 35 6
31 40 6
32 38 8
32 40 4
33 34 6
33 39 5
33 43 8
35 36 8
36 38 -9
36 41 -4
36 42 -5
38 43 -6
38 48 8
38 49 8
39 44 -2
41 42 4
44 45 7
45 46 -4
-1
-804
