20
-124
93
-73
80
137
133
127
-90
-92
-51
-142
-88
56
-111
55
-86
-50
-74
-69
-86
0 10 136
0 11 68
0 12 -64
0 13 -131
0 14 118
0 15 55
0 16 -115
0 17 126
0 18 -96
0 19 -102
1 10 -97
1 11 -80
1 12 -83
1 13 120
1 14 92
1 15 142
1 16 -106
1 17 139
1 18 -83
1 19 -142
2 10 -101
2 11 143
2 12 -56
2 13 -69
2 14 -86
2 15 54
2 16 -75
2 17 146
2 18 71
2 19 -93
3 10 52
3 11 73
3 12 -59
3 13 111
3 14 -97
3 15 -59
3 16 66
3 17 -97
3 18 52
3 19 -57
4 10 -53
4 11 104
4 12 129
4 13 102
4 14 131
4 15 79
4 16 -146
4 17 -124
4 18 146
4 19 63
5 10 104
5 11 57
5 12 -107
5 13 74
5 14 -69
5 15 146
5 16 59
5 17 133
5 18 81
5 19 -104
6 10 113
6 11 -76
6 12 -83
6 13 79
6 14 -51
6 15 -121
6 16 148
6 17 -107
6 18 -81
6 19 61
7 10 129
7 11 122
7 12 139
7 13 58
7 14 106
7 15 -147
7 16 127
7 17 92
7 18 140
7 19 -54
8 10 63
8 11 -128
8 12 69
8 13 -148
8 14 -131
8 15 -150
8 16 -98
8 17 -131
8 18 76
8 19 72
9 10 67
9 11 116
9 12 58
9 13 52
9 14 -128
9 15 70
9 16 97
9 17 -118
9 18 148
9 19 99
-1
-5359