bi50
50
-124
93
-73
80
137
133
127
-90
-92
-51
-142
-88
56
-111
55
-86
-50
-74
-69
-86
136
68
-64
-131
118
55
-115
126
-96
-102
-97
-80
-83
120
92
142
-106
139
-83
-142
-101
143
-56
-69
-86
54
-75
146
71
-93
0 25 52
0 26 73
0 27 -59
0 28 111
0 29 -97
0 30 -59
0 31 66
0 32 -97
0 33 52
0 34 -57
0 35 -53
0 36 104
0 37 129
0 38 102
0 39 131
0 40 79
0 41 -146
0 42 -124
0 43 146
0 44 63
0 45 104
0 46 57
0 47 -107
0 48 74
0 49 -69
1 25 146
1 26 59
1 27 133
1 28 81
1 29 -104
1 30 113
1 31 -76
1 32 -83
1 33 79
1 34 -51
1 35 -121
1 36 148
1 37 -107
1 38 -81
1 39 61
1 40 129
1 41 122
1 42 139
1 43 58
1 44 106
1 45 -147
1 46 127
1 47 92
1 48 140
1 49 -54
2 25 63
2 26 -128
2 27 69
2 28 -148
2 29 -131
2 30 -150
2 31 -98
2 32 -131
2 33 76
2 34 72
2 35 67
2 36 116
2 37 58
2 38 52
2 39 -128
2 40 70
2 41 97
2 42 -118
2 43 148
2 44 99
2 45 -55
2 46 120
2 47 -69
2 48 107
2 49 -55
3 25 143
3 26 114
3 27 64
3 28 115
3 29 51
3 30 72
3 31 150
3 32 101
3 33 -118
3 34 -80
3 35 143
3 36 115
3 37 105
3 38 129
3 39 -112
3 40 107
3 41 88
3 42 95
3 43 -109
3 44 85
3 45 -67
3 46 -64
3 47 109
3 48 132
3 49 130
4 25 -59
4 26 -63
4 27 150
4 28 141
4 29 96
4 30 144
4 31 -88
4 32 139
4 33 66
4 34 108
4 35 90
4 36 -90
4 37 74
4 38 135
4 39 109
4 40 134
4 41 51
4 42 91
4 43 -81
4 44 -61
4 45 -65
4 46 95
4 47 119
4 48 -52
4 49 -97
5 25 -118
5 26 51
5 27 56
5 28 90
5 29 -115
5 30 -71
5 31 -149
5 32 61
5 33 106
5 34 -52
5 35 -68
5 36 -55
5 37 -87
5 38 112
5 39 -142
5 40 -115
5 41 77
5 42 -83
5 43 75
5 44 -107
5 45 53
5 46 120
5 47 -82
5 48 124
5 49 -72
6 25 -72
6 26 110
6 27 -85
6 28 -117
6 29 -118
6 30 88
6 31 67
6 32 -116
6 33 -81
6 34 140
6 35 62
6 36 -81
6 37 -77
6 38 79
6 39 -68
6 40 -94
6 41 74
6 42 117
6 43 -83
6 44 139
6 45 -108
6 46 -150
6 47 -75
6 48 -107
6 49 -71
7 25 -127
7 26 -122
7 27 -98
7 28 -87
7 29 150
7 30 -76
7 31 145
7 32 -130
7 33 -92
7 34 -77
7 35 -129
7 36 -140
7 37 142
7 38 -59
7 39 53
7 40 -111
7 41 113
7 42 -103
7 43 80
7 44 69
7 45 61
7 46 -55
7 47 112
7 48 150
7 49 113
8 25 50
8 26 -93
8 27 103
8 28 87
8 29 -99
8 30 109
8 31 -102
8 32 -91
8 33 149
8 34 77
8 35 -83
8 36 -80
8 37 -128
8 38 -140
8 39 112
8 40 -52
8 41 77
8 42 100
8 43 -96
8 44 91
8 45 75
8 46 -120
8 47 -105
8 48 64
8 49 -63
9 25 -53
9 26 -62
9 27 -102
9 28 108
9 29 116
9 30 110
9 31 -63
9 32 129
9 33 116
9 34 -133
9 35 -135
9 36 -90
9 37 -101
9 38 -147
9 39 -130
9 40 -88
9 41 107
9 42 -133
9 43 123
9 44 -65
9 45 -75
9 46 55
9 47 -112
9 48 -84
9 49 91
10 25 -51
10 26 140
10 27 -62
10 28 118
10 29 -87
10 30 136
10 31 147
10 32 143
10 33 66
10 34 -136
10 35 53
10 36 56
10 37 98
10 38 142
10 39 113
10 40 80
10 41 -142
10 42 87
10 43 143
10 44 95
10 45 134
10 46 -122
10 47 -88
10 48 76
10 49 78
11 25 68
11 26 -105
11 27 123
11 28 -75
11 29 -101
11 30 113
11 31 -134
11 32 84
11 33 141
11 34 -107
11 35 -72
11 36 -82
11 37 -138
11 38 107
11 39 -141
11 40 -141
11 41 99
11 42 -115
11 43 -65
11 44 -102
11 45 -94
11 46 -63
11 47 -85
11 48 131
11 49 -90
12 25 -76
12 26 61
12 27 -72
12 28 78
12 29 -94
12 30 113
12 31 109
12 32 -96
12 33 -150
12 34 -130
12 35 110
12 36 -82
12 37 -68
12 38 -137
12 39 108
12 40 -52
12 41 -70
12 42 -58
12 43 -128
12 44 70
12 45 137
12 46 -72
12 47 145
12 48 -50
12 49 78
13 25 61
13 26 87
13 27 110
13 28 -59
13 29 -69
13 30 -54
13 31 134
13 32 51
13 33 83
13 34 77
13 35 83
13 36 86
13 37 107
13 38 106
13 39 107
13 40 -120
13 41 -121
13 42 61
13 43 77
13 44 59
13 45 70
13 46 -51
13 47 54
13 48 -145
13 49 -64
14 25 107
14 26 -83
14 27 -52
14 28 72
14 29 130
14 30 -57
14 31 -97
14 32 139
14 33 -91
14 34 -62
14 35 145
14 36 -146
14 37 -119
14 38 149
14 39 -121
14 40 67
14 41 76
14 42 -103
14 43 -56
14 44 -69
14 45 -69
14 46 117
14 47 87
14 48 -108
14 49 -121
15 25 110
15 26 -50
15 27 111
15 28 -139
15 29 -82
15 30 53
15 31 -102
15 32 81
15 33 -75
15 34 61
15 35 105
15 36 53
15 37 -80
15 38 -127
15 39 -101
15 40 106
15 41 129
15 42 -150
15 43 75
15 44 -147
15 45 -62
15 46 -88
15 47 146
15 48 -51
15 49 89
16 25 -148
16 26 126
16 27 -65
16 28 -57
16 29 -75
16 30 -55
16 31 -52
16 32 -53
16 33 105
16 34 -71
16 35 -67
16 36 -134
16 37 79
16 38 -140
16 39 82
16 40 -126
16 41 -139
16 42 146
16 43 140
16 44 146
16 45 -78
16 46 -78
16 47 -101
16 48 148
16 49 75
17 25 -106
17 26 -67
17 27 113
17 28 135
17 29 -59
17 30 -63
17 31 128
17 32 51
17 33 54
17 34 -92
17 35 122
17 36 118
17 37 -82
17 38 147
17 39 -73
17 40 130
17 41 79
17 42 -68
17 43 126
17 44 126
17 45 -101
17 46 85
17 47 140
17 48 -118
17 49 110
18 25 -77
18 26 -62
18 27 -113
18 28 -95
18 29 -56
18 30 -62
18 31 -98
18 32 -65
18 33 149
18 34 118
18 35 57
18 36 79
18 37 130
18 38 -127
18 39 95
18 40 72
18 41 -150
18 42 -82
18 43 -61
18 44 137
18 45 -62
18 46 85
18 47 55
18 48 -108
18 49 123
19 25 -94
19 26 -127
19 27 -104
19 28 -107
19 29 52
19 30 117
19 31 90
19 32 -142
19 33 145
19 34 -66
19 35 -136
19 36 62
19 37 70
19 38 -121
19 39 138
19 40 86
19 41 140
19 42 120
19 43 84
19 44 90
19 45 146
19 46 -143
19 47 -90
19 48 124
19 49 -102
20 25 64
20 26 -100
20 27 108
20 28 -61
20 29 -131
20 30 -120
20 31 113
20 32 77
20 33 -119
20 34 -142
20 35 -79
20 36 98
20 37 139
20 38 88
20 39 105
20 40 -135
20 41 -144
20 42 -146
20 43 87
20 44 -128
20 45 88
20 46 -82
20 47 123
20 48 -149
20 49 -136
21 25 -132
21 26 -93
21 27 51
21 28 100
21 29 -76
21 30 112
21 31 -90
21 32 93
21 33 54
21 34 -125
21 35 79
21 36 145
21 37 -129
21 38 -102
21 39 56
21 40 83
21 41 67
21 42 101
21 43 -124
21 44 141
21 45 122
21 46 -92
21 47 -89
21 48 62
21 49 -81
22 25 107
22 26 115
22 27 -104
22 28 101
22 29 -137
22 30 59
22 31 -129
22 32 -146
22 33 62
22 34 146
22 35 51
22 36 71
22 37 -128
22 38 146
22 39 -86
22 40 93
22 41 69
22 42 -60
22 43 -67
22 44 -96
22 45 102
22 46 140
22 47 -98
22 48 -142
22 49 137
23 25 -79
23 26 70
23 27 -149
23 28 -126
23 29 70
23 30 68
23 31 -54
23 32 54
23 33 94
23 34 58
23 35 108
23 36 -127
23 37 -106
23 38 148
23 39 -135
23 40 -50
23 41 -89
23 42 79
23 43 134
23 44 -79
23 45 99
23 46 50
23 47 135
23 48 50
23 49 -108
24 25 -134
24 26 119
24 27 -78
24 28 102
24 29 122
24 30 93
24 31 66
24 32 108
24 33 135
24 34 133
24 35 128
24 36 -76
24 37 -101
24 38 64
24 39 -55
24 40 -110
24 41 -137
24 42 133
24 43 -68
24 44 -124
24 45 86
24 46 144
24 47 -148
24 48 -80
24 49 75
-1
-19172