20
-30
-29
-10
9
11
14
14
-14
-18
-22
-14
5
23
-25
22
-27
-16
-10
19
-11
0 1 9
0 2 21
0 3 21
0 4 -18
0 5 -30
0 6 -17
0 7 -24
0 8 14
0 9 -22
0 10 -30
0 11 16
0 12 -6
0 13 -20
0 14 -20
0 15 20
0 16 5
0 17 -19
0 18 -15
0 19 -24
1 2 19
1 3 -9
1 4 8
1 5 20
1 6 -17
1 7 -24
1 8 -22
1 9 -14
1 10 7
1 11 7
1 12 10
1 13 19
1 14 -19
1 15 -7
1 16 18
1 17 29
1 18 19
1 19 -9
2 3 9
2 4 10
2 5 -8
2 6 -12
2 7 -9
2 8 -23
2 9 -20
2 10 -5
2 11 -20
2 12 11
2 13 -28
2 14 -11
2 15 -8
2 16 -18
2 17 16
2 18 -17
2 19 17
3 4 -16
3 5 -24
3 6 21
3 7 13
3 8 -10
3 9 10
3 10 27
3 11 -29
3 12 5
3 13 -17
3 14 -12
3 15 -20
3 16 -15
3 17 -19
3 18 -23
3 19 22
4 5 -25
4 6 26
4 7 -14
4 8 -25
4 9 11
4 10 -29
4 11 -27
4 12 12
4 13 26
4 14 -12
4 15 -18
4 16 29
4 17 -28
4 18 28
4 19 -20
5 6 26
5 7 -5
5 8 27
5 9 -29
5 10 -29
5 11 -25
5 12 -16
5 13 -25
5 14 22
5 15 20
5 16 24
5 17 28
5 18 -7
5 19 -13
6 7 19
6 8 21
6 9 15
6 10 8
6 11 -5
6 12 -6
6 13 17
6 14 29
6 15 -19
6 16 22
6 17 16
6 18 -11
6 19 -17
7 8 -5
7 9 -5
7 10 -21
7 11 14
7 12 30
7 13 5
7 14 -7
7 15 -16
7 16 10
7 17 6
7 18 26
7 19 -29
8 9 26
8 10 28
8 11 23
8 12 -12
8 13 -5
8 14 -9
8 15 27
8 16 -6
8 17 15
8 18 8
8 19 -11
9 10 24
9 11 -18
9 12 -21
9 13 -17
9 14 30
9 15 -7
9 16 -17
9 17 -13
9 18 -21
9 19 -9
10 11 -5
10 12 -16
10 13 5
10 14 12
10 15 15
10 16 26
10 17 7
10 18 5
10 19 -24
11 12 -14
11 13 28
11 14 22
11 15 14
11 16 12
11 17 12
11 18 26
11 19 -19
12 13 -18
12 14 9
12 15 -27
12 16 17
12 17 25
12 18 -7
12 19 -13
13 14 17
13 15 21
13 16 12
13 17 -27
13 18 -11
13 19 23
14 15 22
14 16 6
14 17 -29
14 18 -29
14 19 -18
15 16 -23
15 17 -18
15 18 -20
15 19 17
16 17 -17
16 18 -25
16 19 16
17 18 -17
17 19 -27
18 19 -19
-1
-1200