50
-30
-29
-10
9
11
14
14
-14
-18
-22
-14
5
23
-25
22
-27
-16
-10
19
-11
9
21
21
-18
-30
-17
-24
14
-22
-30
16
-6
-20
-20
20
5
-19
-15
-24
19
-9
8
20
-17
-24
-22
-14
7
7
10
0 1 19
0 2 -19
0 3 -7
0 4 18
0 5 29
0 6 19
0 7 -9
0 8 9
0 9 10
0 10 -8
0 11 -12
0 12 -9
0 13 -23
0 14 -20
0 15 -5
0 16 -20
0 17 11
0 18 -28
0 19 -11
0 20 -8
0 21 -18
0 22 16
0 23 -17
0 24 17
0 25 -16
0 26 -24
0 27 21
0 28 13
0 29 -10
0 30 10
0 31 27
0 32 -29
0 33 5
0 34 -17
0 35 -12
0 36 -20
0 37 -15
0 38 -19
0 39 -23
0 40 22
0 41 -25
0 42 26
0 43 -14
0 44 -25
0 45 11
0 46 -29
0 47 -27
0 48 12
0 49 26
1 2 -12
1 3 -18
1 4 29
1 5 -28
1 6 28
1 7 -20
1 8 26
1 9 -5
1 10 27
1 11 -29
1 12 -29
1 13 -25
1 14 -16
1 15 -25
1 16 22
1 17 20
1 18 24
1 19 28
1 20 -7
1 21 -13
1 22 19
1 23 21
1 24 15
1 25 8
1 26 -5
1 27 -6
1 28 17
1 29 29
1 30 -19
1 31 22
1 32 16
1 33 -11
1 34 -17
1 35 -5
1 36 -5
1 37 -21
1 38 14
1 39 30
1 40 5
1 41 -7
1 42 -16
1 43 10
1 44 6
1 45 26
1 46 -29
1 47 26
1 48 28
1 49 23
2 3 -12
2 4 -5
2 5 -9
2 6 27
2 7 -6
2 8 15
2 9 8
2 10 -11
2 11 24
2 12 -18
2 13 -21
2 14 -17
2 15 30
2 16 -7
2 17 -17
2 18 -13
2 19 -21
2 20 -9
2 21 -5
2 22 -16
2 23 5
2 24 12
2 25 15
2 26 26
2 27 7
2 28 5
2 29 -24
2 30 -14
2 31 28
2 32 22
2 33 14
2 34 12
2 35 12
2 36 26
2 37 -19
2 38 -18
2 39 9
2 40 -27
2 41 17
2 42 25
2 43 -7
2 44 -13
2 45 17
2 46 21
2 47 12
2 48 -27
2 49 -11
3 4 23
3 5 22
3 6 6
3 7 -29
3 8 -29
3 9 -18
3 10 -23
3 11 -18
3 12 -20
3 13 17
3 14 -17
3 15 -25
3 16 16
3 17 -17
3 18 -27
3 19 -19
3 20 15
3 21 8
3 22 18
3 23 6
3 24 10
3 25 -12
3 26 -20
3 27 -19
3 28 17
3 29 -12
3 30 8
3 31 8
3 32 12
3 33 30
3 34 16
3 35 22
3 36 -25
3 37 11
3 38 -29
3 39 25
3 40 30
3 41 -10
3 42 -29
3 43 -29
3 44 30
3 45 -16
3 46 -13
3 47 24
3 48 -12
3 49 -25
4 5 10
4 6 -21
4 7 -13
4 8 -16
4 9 -13
4 10 18
4 11 14
4 12 6
4 13 22
4 14 -25
4 15 11
4 16 25
4 17 -28
4 18 -13
4 19 11
4 20 -29
4 21 -21
4 22 -21
4 23 18
4 24 13
4 25 -14
4 26 12
4 27 -22
4 28 -9
4 29 -13
4 30 -5
4 31 -12
4 32 -12
4 33 -13
4 34 15
4 35 28
4 36 10
4 37 30
4 38 -19
4 39 -29
4 40 -17
4 41 25
4 42 12
4 43 6
4 44 28
4 45 19
4 46 7
4 47 27
4 48 -7
4 49 -8
5 6 -28
5 7 -30
5 8 21
5 9 -6
5 10 -20
5 11 9
5 12 17
5 13 25
5 14 -21
5 15 -11
5 16 -12
5 17 20
5 18 23
5 19 -28
5 20 -23
5 21 13
5 22 -10
5 23 25
5 24 14
5 25 -10
5 26 28
5 27 5
5 28 -17
5 29 11
5 30 25
5 31 -24
5 32 -16
5 33 20
5 34 -27
5 35 -30
5 36 -20
5 37 -10
5 38 25
5 39 24
5 40 -28
5 41 -8
5 42 14
5 43 -13
5 44 -7
5 45 -30
5 46 -10
5 47 5
5 48 -9
5 49 -27
6 7 -9
6 8 21
6 9 -11
6 10 -22
6 11 -28
6 12 -10
6 13 -15
6 14 -24
6 15 21
6 16 -23
6 17 22
6 18 21
6 19 18
6 20 21
6 21 -16
6 22 25
6 23 -13
6 24 -16
6 25 -11
6 26 -23
6 27 20
6 28 5
6 29 13
6 30 -26
6 31 27
6 32 -23
6 33 -13
6 34 20
6 35 8
6 36 -20
6 37 22
6 38 -11
6 39 26
6 40 -25
6 41 26
6 42 -13
6 43 -17
6 44 -17
6 45 11
6 46 -27
6 47 -30
6 48 25
6 49 6
7 8 -10
7 9 -21
7 10 -28
7 11 12
7 12 -17
7 13 -29
7 14 9
7 15 -26
7 16 -13
7 17 -30
7 18 11
7 19 8
7 20 -16
7 21 -24
7 22 -17
7 23 22
7 24 -6
7 25 -20
7 26 -25
7 27 -8
7 28 5
7 29 21
7 30 -29
7 31 -26
7 32 -27
7 33 -7
7 34 -8
7 35 12
7 36 17
7 37 -28
7 38 -28
7 39 -24
7 40 -5
7 41 -5
7 42 11
7 43 9
7 44 13
7 45 19
7 46 14
7 47 20
7 48 -13
7 49 16
8 9 5
8 10 -7
8 11 29
8 12 16
8 13 -23
8 14 -29
8 15 -20
8 16 22
8 17 11
8 18 -9
8 19 -23
8 20 28
8 21 9
8 22 -15
8 23 -10
8 24 30
8 25 -20
8 26 22
8 27 -10
8 28 17
8 29 -16
8 30 -25
8 31 16
8 32 28
8 33 -15
8 34 12
8 35 29
8 36 -13
8 37 23
8 38 23
8 39 -20
8 40 -7
8 41 27
8 42 26
8 43 5
8 44 6
8 45 25
8 46 18
8 47 -15
8 48 -5
8 49 21
9 10 30
9 11 -17
9 12 -26
9 13 -10
9 14 -8
9 15 13
9 16 -7
9 17 6
9 18 12
9 19 -13
9 20 -19
9 21 12
9 22 16
9 23 18
9 24 -17
9 25 26
9 26 28
9 27 -30
9 28 -21
9 29 13
9 30 -5
9 31 -6
9 32 -27
9 33 -6
9 34 -12
9 35 21
9 36 -19
9 37 -29
9 38 20
9 39 20
9 40 -24
9 41 -24
9 42 -27
9 43 -16
9 44 30
9 45 12
9 46 -19
9 47 -7
9 48 21
9 49 23
10 11 22
10 12 -27
10 13 -16
10 14 -15
10 15 15
10 16 11
10 17 19
10 18 -27
10 19 24
10 20 -29
10 21 11
10 22 -25
10 23 -21
10 24 -12
10 25 8
10 26 11
10 27 -17
10 28 8
10 29 6
10 30 5
10 31 -21
10 32 -21
10 33 -14
10 34 -21
10 35 -28
10 36 -30
10 37 25
10 38 -5
10 39 22
10 40 -25
10 41 -18
10 42 20
10 43 -12
10 44 -30
10 45 16
10 46 -26
10 47 16
10 48 -15
10 49 5
11 12 5
11 13 20
11 14 10
11 15 -25
11 16 30
11 17 -22
11 18 -11
11 19 29
11 20 11
11 21 25
11 22 22
11 23 -15
11 24 14
11 25 -5
11 26 -24
11 27 28
11 28 -6
11 29 26
11 30 5
11 31 20
11 32 -8
11 33 28
11 34 -18
11 35 13
11 36 -12
11 37 7
11 38 -15
11 39 18
11 40 14
11 41 -22
11 42 -20
11 43 28
11 44 -8
11 45 29
11 46 19
11 47 13
11 48 -26
11 49 -9
12 13 -11
12 14 8
12 15 24
12 16 19
12 17 -24
12 18 -5
12 19 -20
12 20 13
12 21 -13
12 22 29
12 23 -9
12 24 -23
12 25 16
12 26 -16
12 27 16
12 28 22
12 29 -11
12 30 11
12 31 7
12 32 9
12 33 -28
12 34 -9
12 35 -7
12 36 26
12 37 29
12 38 5
12 39 22
12 40 -28
12 41 29
12 42 16
12 43 -7
12 44 -7
12 45 -5
12 46 -12
12 47 8
12 48 -7
12 49 -27
13 14 -22
13 15 -27
13 16 16
13 17 -11
13 18 5
13 19 14
13 20 9
13 21 15
13 22 25
13 23 -26
13 24 28
13 25 9
13 26 -7
13 27 -27
13 28 -15
13 29 19
13 30 -24
13 31 -19
13 32 -12
13 33 27
13 34 28
13 35 12
13 36 21
13 37 -25
13 38 13
13 39 -11
13 40 20
13 41 18
13 42 26
13 43 28
13 44 9
13 45 14
13 46 26
13 47 10
13 48 -28
13 49 -17
14 15 14
14 16 -29
14 17 -20
14 18 17
14 19 15
14 20 10
14 21 -11
14 22 23
14 23 9
14 24 -15
14 25 7
14 26 14
14 27 -27
14 28 9
14 29 25
14 30 -23
14 31 -17
14 32 13
14 33 -15
14 34 -6
14 35 -20
14 36 28
14 37 8
14 38 5
14 39 11
14 40 -22
14 41 -15
14 42 15
14 43 -23
14 44 9
14 45 -10
14 46 -24
14 47 21
14 48 28
14 49 -26
15 16 30
15 17 14
15 18 -15
15 19 21
15 20 26
15 21 -7
15 22 -14
15 23 21
15 24 -28
15 25 -15
15 26 26
15 27 -7
15 28 16
15 29 20
15 30 29
15 31 16
15 32 -5
15 33 -29
15 34 15
15 35 30
15 36 21
15 37 24
15 38 21
15 39 28
15 40 23
15 41 22
15 42 -29
15 43 -9
15 44 20
15 45 28
15 46 -13
15 47 -17
15 48 12
15 49 28
16 17 -9
16 18 -30
16 19 -29
16 20 -26
16 21 -9
16 22 -8
16 23 6
16 24 -18
16 25 22
16 26 -17
16 27 18
16 28 26
16 29 26
16 30 -11
16 31 27
16 32 -27
16 33 6
16 34 25
16 35 -20
16 36 22
16 37 19
16 38 -26
16 39 23
16 40 23
16 41 -7
16 42 22
16 43 -22
16 44 -18
16 45 28
16 46 -22
16 47 5
16 48 27
16 49 15
17 18 8
17 19 -16
17 20 30
17 21 -22
17 22 22
17 23 10
17 24 -25
17 25 22
17 26 -30
17 27 -6
17 28 28
17 29 -14
17 30 28
17 31 10
17 32 18
17 33 -17
17 34 25
17 35 19
17 36 -6
17 37 -21
17 38 22
17 39 -9
17 40 8
17 41 6
17 42 13
17 43 22
17 44 11
17 45 28
17 46 -19
17 47 27
17 48 26
17 49 26
18 19 -15
18 20 14
18 21 23
18 22 11
18 23 -27
18 24 -30
18 25 14
18 26 10
18 27 -11
18 28 -5
18 29 8
18 30 -20
18 31 6
18 32 -26
18 33 5
18 34 19
18 35 10
18 36 29
18 37 -5
18 38 -15
18 39 -21
18 40 -5
18 41 16
18 42 24
18 43 -13
18 44 10
18 45 -24
18 46 10
18 47 14
18 48 -26
18 49 27
19 20 28
19 21 15
19 22 -5
19 23 -7
19 24 -14
19 25 27
19 26 25
19 27 -24
19 28 7
19 29 15
19 30 17
19 31 -8
19 32 7
19 33 -26
19 34 6
19 35 -14
19 36 -25
19 37 -26
19 38 11
19 39 11
19 40 23
19 41 -6
19 42 -19
19 43 9
19 44 -28
19 45 5
19 46 -27
19 47 -8
19 48 -26
19 49 -29
20 21 -22
20 22 27
20 23 7
20 24 -12
20 25 -22
20 26 5
20 27 26
20 28 28
20 29 -30
20 30 -9
20 31 25
20 32 -14
20 33 16
20 34 -22
20 35 18
20 36 9
20 37 -28
20 38 25
20 39 -26
20 40 -15
20 41 -25
20 42 28
20 43 18
20 44 -7
20 45 6
20 46 17
20 47 19
20 48 19
20 49 15
21 22 -12
21 23 27
21 24 -12
21 25 20
21 26 -26
21 27 10
21 28 30
21 29 -22
21 30 -25
21 31 24
21 32 -25
21 33 -11
21 34 -23
21 35 -9
21 36 -24
21 37 -20
21 38 19
21 39 20
21 40 -10
21 41 30
21 42 -23
21 43 13
21 44 -15
21 45 -21
21 46 11
21 47 6
21 48 13
21 49 -14
22 23 8
22 24 -15
22 25 11
22 26 -5
22 27 15
22 28 -23
22 29 28
22 30 -24
22 31 6
22 32 14
22 33 8
22 34 -21
22 35 18
22 36 18
22 37 -8
22 38 -26
22 39 19
22 40 -10
22 41 11
22 42 -21
22 43 -30
22 44 -13
22 45 10
22 46 21
22 47 -10
22 48 -25
22 49 -8
23 24 -23
23 25 13
23 26 16
23 27 -11
23 28 -26
23 29 -20
23 30 21
23 31 -15
23 32 17
23 33 -26
23 34 -14
23 35 -29
23 36 14
23 37 -9
23 38 18
23 39 -23
23 40 -29
23 41 20
23 42 20
23 43 25
23 44 22
23 45 20
23 46 12
23 47 25
23 48 15
23 49 -20
24 25 22
24 26 29
24 27 -23
24 28 -14
24 29 14
24 30 19
24 31 11
24 32 26
24 33 6
24 34 -15
24 35 -5
24 36 9
24 37 -6
24 38 -7
24 39 -18
24 40 -15
24 41 -12
24 42 -16
24 43 -15
24 44 13
24 45 -5
24 46 -10
24 47 -8
24 48 -12
24 49 -24
25 26 30
25 27 23
25 28 8
25 29 8
25 30 -14
25 31 6
25 32 29
25 33 -8
25 34 18
25 35 11
25 36 -18
25 37 -26
25 38 -21
25 39 -27
25 40 10
25 41 -23
25 42 -15
25 43 14
25 44 -10
25 45 28
25 46 -9
25 47 -17
25 48 -16
25 49 -19
26 27 12
26 28 -28
26 29 -8
26 30 -19
26 31 -26
26 32 -27
26 33 -30
26 34 -11
26 35 5
26 36 6
26 37 -10
26 38 29
26 39 6
26 40 -20
26 41 -8
26 42 -22
26 43 -6
26 44 -12
26 45 16
26 46 -9
26 47 -11
26 48 13
26 49 -21
27 28 -24
27 29 10
27 30 -29
27 31 -28
27 32 -28
27 33 -14
27 34 -20
27 35 -21
27 36 30
27 37 -29
27 38 7
27 39 -6
27 40 22
27 41 14
27 42 22
27 43 -18
27 44 -23
27 45 -12
27 46 11
27 47 21
27 48 -10
27 49 -21
28 29 -19
28 30 9
28 31 9
28 32 -26
28 33 19
28 34 -19
28 35 13
28 36 12
28 37 30
28 38 19
28 39 22
28 40 -16
28 41 9
28 42 -8
28 43 10
28 44 -15
28 45 9
28 46 -14
28 47 27
28 48 -21
28 49 -11
29 30 -25
29 31 -9
29 32 23
29 33 -30
29 34 -29
29 35 10
29 36 -21
29 37 -19
29 38 -5
29 39 -20
29 40 21
29 41 6
29 42 8
29 43 13
29 44 -17
29 45 -5
29 46 -10
29 47 15
29 48 12
29 49 12
30 31 -5
30 32 -21
30 33 -5
30 34 -17
30 35 -7
30 36 -18
30 37 -28
30 38 27
30 39 -21
30 40 -29
30 41 -28
30 42 -17
30 43 7
30 44 8
30 45 -11
30 46 -21
30 47 -5
30 48 6
30 49 20
31 32 8
31 33 -24
31 34 17
31 35 -12
31 36 27
31 37 -23
31 38 8
31 39 26
31 40 26
31 41 -19
31 42 14
31 43 17
31 44 10
31 45 -17
31 46 21
31 47 29
31 48 27
31 49 -17
32 33 17
32 34 -25
32 35 25
32 36 10
32 37 -9
32 38 -21
32 39 6
32 40 -5
32 41 9
32 42 19
32 43 -5
32 44 -25
32 45 -8
32 46 16
32 47 16
32 48 -15
32 49 -23
33 34 -13
33 35 26
33 36 -20
33 37 -24
33 38 5
33 39 -20
33 40 12
33 41 20
33 42 11
33 43 -28
33 44 -14
33 45 25
33 46 -7
33 47 -27
33 48 13
33 49 -27
34 35 -10
34 36 15
34 37 23
34 38 -10
34 39 -29
34 40 -27
34 41 -20
34 42 8
34 43 10
34 44 29
34 45 -8
34 46 19
34 47 -9
34 48 -26
34 49 -6
35 36 12
35 37 15
35 38 -11
35 39 27
35 40 27
35 41 -12
35 42 -10
35 43 -11
35 44 -24
35 45 14
35 46 10
35 47 21
35 48 -25
35 49 -10
36 37 14
36 38 -15
36 39 -23
36 40 -16
36 41 5
36 42 -16
36 43 -11
36 44 23
36 45 21
36 46 27
36 47 20
36 48 -12
36 49 25
37 38 22
37 39 -24
37 40 -14
37 41 14
37 42 27
37 43 24
37 44 8
37 45 -22
37 46 22
37 47 15
37 48 -16
37 49 17
38 39 19
38 40 19
38 41 30
38 42 -25
38 43 9
38 44 24
38 45 -25
38 46 -15
38 47 11
38 48 5
38 49 29
39 40 7
39 41 -21
39 42 5
39 43 20
39 44 17
39 45 25
39 46 -7
39 47 -19
39 48 -19
39 49 18
40 41 10
40 42 15
40 43 -5
40 44 -27
40 45 -6
40 46 24
40 47 14
40 48 23
40 49 20
41 42 7
41 43 17
41 44 -9
41 45 -24
41 46 17
41 47 15
41 48 22
41 49 12
42 43 15
42 44 -26
42 45 -14
42 46 -5
42 47 9
42 48 -20
42 49 -28
43 44 8
43 45 15
43 46 -29
43 47 12
43 48 16
43 49 6
44 45 -25
44 46 20
44 47 28
44 48 -17
44 49 13
45 46 -21
45 47 -6
45 48 25
45 49 23
46 47 6
46 48 25
46 49 19
47 48 9
47 49 19
48 49 21
-1
-4858