hc20
20
-21
29
-26
27
-19
12
9
30
28
8
25
-11
-28
27
7
10
20
-11
-20
19
0 1 7
0 2 -11
0 3 8
0 4 -11
0 5 -18
0 6 -15
0 7 24
0 8 -5
0 9 -10
0 10 -26
0 11 -5
0 13 22
0 14 19
0 16 7
0 17 26
0 18 21
0 19 8
1 2 -29
1 3 -16
1 5 -26
1 6 17
1 7 30
1 8 -14
1 9 5
1 10 30
1 11 -30
1 14 -10
1 15 12
1 17 16
1 18 -19
2 3 -17
2 5 14
2 9 13
2 12 -9
2 13 7
2 14 -30
2 16 5
2 18 19
3 4 -15
3 6 8
3 7 24
3 9 -12
3 10 -22
3 12 -10
3 13 26
3 15 17
3 17 -7
3 18 -17
4 5 -30
4 9 27
4 10 6
4 11 -28
4 12 -25
4 14 26
4 15 -6
4 16 17
5 6 7
5 7 -6
5 8 17
5 9 11
5 10 -21
5 14 -20
5 15 27
5 16 -14
5 17 19
6 7 29
6 9 -16
6 12 -24
6 13 -6
6 15 -10
6 17 7
6 18 30
6 19 -19
7 8 -12
7 13 17
7 14 21
7 16 28
7 17 22
7 18 18
7 19 -9
8 9 -10
8 10 -18
8 11 -18
8 12 25
8 13 18
8 14 -19
8 15 10
8 16 -7
8 18 26
8 19 19
9 11 -21
9 12 -22
9 13 7
9 14 24
9 15 -21
9 18 -19
9 19 -8
10 12 6
10 14 -16
10 15 -17
10 16 -23
10 19 30
11 13 -10
11 14 30
11 15 -18
11 17 11
11 19 -25
12 14 -22
12 15 -30
12 18 19
12 19 -30
13 16 -19
13 19 29
14 15 7
14 16 -6
14 17 -22
14 18 20
14 19 -9
15 16 -5
16 17 -13
16 19 -24
17 18 18
17 19 -19
18 19 -21
-1
-920