50
-21
29
-26
27
-19
12
9
30
28
8
25
-11
-28
27
7
10
20
-11
-20
19
7
-13
-23
8
-26
-23
-18
-25
-9
24
-26
-5
-10
26
15
-5
13
-25
22
-22
10
11
-15
-12
26
-28
8
8
-12
13
0 1 -16
0 3 -26
0 4 17
0 5 30
0 6 -14
0 7 5
0 8 30
0 9 -30
0 12 -10
0 13 12
0 15 16
0 16 -19
0 18 -17
0 20 14
0 24 13
0 27 -9
0 28 7
0 29 -30
0 31 5
0 33 19
0 35 -15
0 37 8
0 38 24
0 40 -12
0 41 -22
0 43 -10
0 44 26
0 46 17
0 48 -7
0 49 -17
1 3 -30
1 7 27
1 8 6
1 9 -28
1 10 -25
1 12 26
1 13 -6
1 14 17
1 18 7
1 19 -6
1 20 17
1 21 11
1 22 -21
1 26 -20
1 27 27
1 28 -14
1 29 19
1 32 29
1 34 -16
1 37 -24
1 38 -6
1 40 -10
1 42 7
1 43 30
1 44 -19
1 45 -12
2 3 17
2 4 21
2 6 28
2 7 22
2 8 18
2 9 -9
2 10 -10
2 11 -18
2 12 -18
2 13 25
2 14 18
2 15 -19
2 16 10
2 17 -7
2 19 26
2 20 19
2 22 -21
2 23 -22
2 24 7
2 25 24
2 26 -21
2 29 -19
2 30 -8
2 32 6
2 34 -16
2 35 -17
2 36 -23
2 39 30
2 41 -10
2 42 30
2 43 -18
2 45 11
2 47 -25
2 49 -22
3 4 -30
3 7 19
3 8 -30
3 11 -19
3 14 29
3 15 7
3 16 -6
3 17 -22
3 18 20
3 19 -9
3 20 -5
3 24 -13
3 26 -24
3 27 18
3 28 -19
3 29 -21
3 30 -7
3 32 -20
3 33 -23
3 34 21
3 35 -12
3 39 16
3 40 -18
3 41 13
3 44 -30
3 45 10
3 47 -30
3 48 -10
3 49 18
4 5 8
4 6 7
4 7 8
4 8 20
4 10 -27
4 11 24
4 12 -20
4 13 -26
4 15 7
4 18 13
4 19 -16
4 26 16
4 27 -5
4 30 10
4 31 -26
4 34 -20
4 35 15
4 36 -18
4 38 -16
4 39 6
4 40 -5
4 41 13
4 43 22
4 44 14
4 46 -26
4 47 -24
4 48 20
4 49 21
5 6 13
5 9 9
5 10 -8
5 12 25
5 14 -13
5 16 -27
5 18 -6
5 19 -29
5 23 28
5 25 -20
5 26 -15
5 27 -30
5 28 23
5 29 8
5 30 30
5 32 30
5 33 23
5 34 23
5 36 5
5 37 -11
5 40 21
5 43 28
5 45 -20
5 46 -24
5 47 16
5 49 10
6 7 17
6 8 -29
6 9 -28
6 10 27
6 14 29
6 15 -6
6 17 25
6 18 -21
6 19 16
6 20 16
6 21 11
6 23 14
6 24 -11
6 26 -30
6 27 -28
6 28 -8
6 30 19
6 31 -29
6 35 25
6 36 21
6 37 -27
6 38 6
6 39 -7
6 40 -7
6 41 -25
6 48 27
6 49 10
7 8 -27
7 10 -30
7 11 -15
7 13 -8
7 14 21
7 15 14
7 17 -26
7 18 -27
7 19 -7
7 20 19
7 21 -21
7 23 -7
7 24 -17
7 25 6
7 26 19
7 27 -5
7 28 -23
7 29 -23
7 32 15
7 33 27
7 34 -30
7 35 24
7 36 15
7 37 27
7 38 -15
7 39 -27
7 41 21
7 42 17
7 43 6
7 45 21
7 46 25
7 48 7
8 9 -8
8 10 -7
8 12 -22
8 15 23
8 16 -27
8 18 -27
8 20 5
8 23 -5
8 24 -18
8 25 -28
8 26 -26
8 27 6
8 28 5
8 29 19
8 31 -7
8 32 11
8 33 27
8 34 -18
8 35 -29
8 36 30
8 37 -27
8 38 -22
8 39 16
8 40 -13
8 42 -14
8 43 -27
8 45 -8
8 46 7
8 47 6
8 48 -9
8 49 10
9 10 15
9 12 9
9 13 14
9 14 -12
9 15 18
9 16 7
9 18 21
9 19 -28
9 21 -16
9 22 -14
9 23 28
9 24 -6
9 25 -12
9 26 -23
9 27 -10
9 28 -23
9 29 -5
9 30 17
9 31 18
9 32 -21
9 33 -9
9 37 -8
9 38 -25
9 39 22
9 40 10
9 41 -22
9 42 -8
9 43 -20
9 44 20
9 46 23
9 47 -18
9 48 -18
10 13 8
10 14 -6
10 16 -12
10 17 -6
10 18 21
10 19 14
10 20 5
10 21 20
10 22 19
10 24 -8
10 25 18
10 26 -5
10 27 22
10 31 -18
10 34 -16
10 36 -24
10 38 10
10 39 -17
10 40 21
10 42 29
10 43 -13
10 45 11
10 46 -22
10 47 -14
10 48 16
10 49 -17
11 12 -28
11 13 -23
11 14 19
11 15 8
11 16 28
11 17 5
11 18 -8
11 21 11
11 22 -18
11 24 14
11 25 -26
11 26 15
11 27 -14
11 29 -17
11 31 -24
11 32 -16
11 33 -22
11 34 29
11 35 -7
11 38 -27
11 39 -23
11 41 -9
11 42 24
11 43 22
11 44 25
11 48 9
11 49 20
12 13 11
12 14 7
12 15 -13
12 17 -23
12 19 9
12 20 -23
12 22 -13
12 23 -8
12 24 -22
12 25 -28
12 26 -10
12 27 -13
12 29 -28
12 30 -6
12 31 25
12 32 30
12 33 -14
12 39 24
12 40 21
12 41 26
12 42 -18
12 44 15
12 45 8
12 46 -23
12 47 22
12 48 -26
12 49 -14
13 14 -19
13 16 14
13 19 28
13 21 -28
13 22 -29
13 23 24
13 24 10
13 26 7
13 27 14
13 28 -21
13 31 -18
13 32 -27
13 33 16
13 34 -10
13 36 28
13 39 -22
13 43 -10
13 45 -27
13 47 20
13 48 18
14 16 -8
14 17 -28
14 18 28
14 19 -5
14 20 -17
14 21 -20
14 22 20
14 24 5
14 25 24
14 27 -13
14 34 22
14 37 7
14 39 20
14 40 -27
14 41 -29
14 42 -9
14 43 12
14 44 27
14 45 17
14 46 -28
14 47 -13
14 48 21
14 49 -26
15 17 22
15 18 16
15 19 -28
15 20 -6
15 25 27
15 27 -22
15 30 -23
15 31 16
15 32 -30
15 33 -30
15 34 22
15 35 16
15 37 29
15 41 -17
15 43 -12
15 44 -8
15 46 -23
15 47 -15
15 49 6
16 17 15
16 20 -30
16 21 29
16 23 -22
16 25 -12
16 26 26
16 28 16
16 30 11
16 33 -9
16 34 -5
16 35 26
16 40 15
16 42 20
16 43 28
16 44 12
16 45 8
16 46 -20
16 47 23
16 48 28
16 49 -14
17 18 6
17 19 -5
17 20 -13
17 21 29
17 23 -15
17 24 -30
17 25 -6
17 28 15
17 34 20
17 35 6
17 36 -19
17 37 23
17 42 20
17 43 29
17 44 -8
17 46 24
17 47 25
17 48 -13
17 49 -20
18 19 -17
18 20 -18
18 21 21
18 23 -29
18 24 -23
18 25 -25
18 26 -23
18 27 -18
18 28 25
18 29 14
18 30 -10
18 32 18
18 34 -22
18 35 -7
18 37 19
18 39 30
18 40 24
18 42 19
18 43 -10
18 44 8
18 47 24
19 20 -17
19 21 -24
19 22 -18
19 24 25
19 27 13
19 28 -13
19 29 -21
19 30 22
19 31 -25
19 32 9
19 34 -30
19 37 -15
19 38 -26
19 39 -13
19 40 -23
19 41 -30
19 43 18
20 21 25
20 22 -5
20 24 14
20 27 17
20 28 -28
20 29 20
20 31 14
20 33 -5
20 34 12
20 35 -6
20 37 -17
20 38 -26
20 39 26
20 43 -25
20 44 26
20 46 -6
20 48 -24
20 49 20
21 23 -16
21 25 -9
21 26 -30
21 27 -17
21 29 10
21 30 -5
21 31 -28
21 32 16
21 33 -22
21 34 -25
21 35 -26
21 37 -26
21 39 9
21 41 -12
21 43 -6
21 44 21
21 46 21
21 47 -25
21 48 -21
21 49 12
22 23 -24
22 24 27
22 25 10
22 27 14
22 28 14
22 29 15
22 30 15
22 31 30
22 34 -13
22 35 8
22 37 -28
22 41 16
22 43 -18
22 45 9
22 47 -6
22 48 17
22 49 -24
23 26 27
23 27 -15
23 28 -8
23 29 29
23 30 5
23 31 -23
23 33 -9
23 34 -25
23 35 15
23 36 -9
23 38 26
23 39 28
23 40 6
23 41 10
23 42 10
23 43 19
23 45 -9
23 47 -6
23 48 -24
24 25 -22
24 27 -11
24 28 -9
24 31 17
24 32 30
24 33 -28
24 34 -20
24 35 -28
24 36 -6
24 37 -22
24 39 -15
24 40 -21
24 41 -5
24 43 23
24 46 25
24 48 -27
25 26 9
25 27 20
25 31 26
25 32 28
25 34 -12
25 35 -8
25 36 -14
25 37 14
25 38 -18
25 39 -30
25 40 -21
25 41 8
25 42 15
25 43 18
25 44 -10
25 45 17
25 46 -25
25 48 -25
25 49 -12
26 28 -24
26 29 -16
26 30 8
26 31 -14
26 32 6
26 33 11
26 34 10
26 35 16
26 36 -23
26 37 -17
26 38 -12
26 39 7
26 40 -25
26 41 16
26 42 13
26 43 21
26 44 -23
26 45 30
27 28 -7
27 29 -27
27 32 20
27 35 -21
27 36 16
27 38 -29
27 39 -10
27 40 -23
27 43 23
27 44 27
27 45 5
27 46 -21
27 47 -7
27 48 -16
28 30 25
28 31 28
28 32 -5
28 34 13
28 35 12
28 37 6
28 38 -5
28 39 -8
28 40 -23
28 42 -22
28 43 -16
28 45 -23
28 46 -11
28 47 -27
29 30 -26
29 34 15
29 36 21
29 37 23
29 38 30
29 39 -29
29 40 -21
29 42 -7
29 43 6
29 44 22
29 45 10
29 47 28
29 49 -10
30 31 -10
30 32 -24
30 34 -24
30 36 -29
30 37 -19
30 38 10
30 40 11
30 41 -29
30 43 29
30 44 -13
30 46 24
30 47 18
30 48 -18
31 34 -24
31 35 -30
31 36 -25
31 38 30
31 39 -13
31 40 18
31 41 -20
31 42 22
31 43 7
31 44 -8
31 45 -14
31 46 -15
31 47 -26
31 49 7
32 33 -15
32 34 -11
32 35 20
32 36 -23
32 37 17
32 38 8
32 41 -17
32 46 8
32 47 -5
32 48 23
32 49 -8
33 34 8
33 35 -30
33 38 -24
33 39 -18
33 40 11
33 41 -8
33 43 16
33 46 13
33 47 9
33 48 24
33 49 -17
34 35 -25
34 36 21
34 37 -13
34 39 25
34 40 6
34 42 -6
34 44 10
34 45 23
34 47 -10
34 49 -5
35 38 -16
35 39 11
35 40 -6
35 41 18
35 43 30
35 45 7
35 46 -9
35 47 25
35 48 -8
36 37 -26
36 38 14
36 39 5
36 40 -16
36 41 -5
36 43 16
36 44 6
36 46 -6
36 47 13
36 48 -20
37 42 25
37 43 -6
37 45 24
37 46 -22
37 48 8
38 41 27
38 43 -28
38 45 -16
38 46 -22
38 48 26
39 40 11
39 41 -7
39 43 19
39 45 30
39 46 -25
39 47 -7
39 48 12
39 49 27
40 41 27
40 42 27
40 43 -19
40 44 -6
40 46 7
40 48 -24
40 49 13
41 42 9
41 44 -13
41 47 -10
41 48 -20
41 49 -17
42 44 12
42 45 21
42 46 29
42 47 16
42 48 10
42 49 -12
43 46 -7
43 48 16
44 45 21
44 46 -22
44 48 -18
44 49 9
45 48 -11
45 49 5
46 47 -19
46 49 -16
47 49 -5
48 49 -22
-1
-4007