hcb50
50
-7
7
-6
9
-7
6
5
8
6
6
9
-7
-8
7
5
8
6
-5
-8
9
9
-9
-7
10
-6
-7
-8
-9
-9
6
-6
-7
-10
10
9
-5
9
-9
6
-6
6
9
-5
-6
10
-6
8
6
-6
7
0 1 -10
0 3 -6
0 4 7
0 5 6
0 6 -6
0 7 9
0 8 8
0 9 -10
0 12 -8
0 13 10
0 15 6
0 16 -5
0 18 -7
0 20 8
0 24 9
0 27 -9
0 28 7
0 29 -10
0 31 7
0 33 5
0 35 -7
0 37 8
0 38 6
0 40 -8
0 41 -6
0 43 -10
0 44 6
0 46 9
0 48 -7
0 49 -9
1 3 -10
1 7 7
1 8 8
1 9 -10
1 10 -5
1 12 6
1 13 -10
1 14 7
1 18 9
1 19 -6
1 20 7
1 21 7
1 22 -7
1 26 -6
1 27 7
1 28 -8
1 29 5
1 32 5
1 34 -6
1 37 -8
1 38 -10
1 40 -6
1 42 7
1 43 8
1 44 -9
1 45 -6
2 3 9
2 4 5
2 6 8
2 7 10
2 8 8
2 9 -7
2 10 -8
2 11 -8
2 12 -8
2 13 9
2 14 8
2 15 -7
2 16 6
2 17 -9
2 19 8
2 20 7
2 22 -9
2 23 -6
2 24 5
2 25 10
2 26 -5
2 29 -5
2 30 -8
2 32 6
2 34 -6
2 35 -7
2 36 -5
2 39 10
2 41 -10
2 42 8
2 43 -10
2 45 9
2 47 -5
2 49 -6
3 4 -10
3 7 7
3 8 -8
3 11 -9
3 14 5
3 15 7
3 16 -6
3 17 -6
3 18 8
3 19 -9
3 20 -7
3 24 -5
3 26 -10
3 27 6
3 28 -5
3 29 -7
3 30 -5
3 32 -8
3 33 -9
3 34 7
3 35 -10
3 39 10
3 40 -10
3 41 7
3 44 -8
3 45 10
3 47 -10
3 48 -10
3 49 10
4 5 6
4 6 7
4 7 6
4 8 10
4 10 -7
4 11 8
4 12 -6
4 13 -8
4 15 9
4 18 5
4 19 -6
4 26 6
4 27 -7
4 30 6
4 31 -10
4 34 -6
4 35 7
4 36 -10
4 38 -10
4 39 8
4 40 -5
4 41 5
4 43 10
4 44 8
4 46 -10
4 47 -10
4 48 8
4 49 7
5 6 5
5 9 7
5 10 -6
5 12 9
5 14 -7
5 16 -7
5 18 -10
5 19 -9
5 23 6
5 25 -10
5 26 -7
5 27 -6
5 28 5
5 29 10
5 30 6
5 32 8
5 33 9
5 34 5
5 36 7
5 37 -9
5 40 7
5 43 10
5 45 -8
5 46 -8
5 47 8
5 49 6
6 7 7
6 8 -9
6 9 -10
6 10 5
6 14 7
6 15 -6
6 17 9
6 18 -9
6 19 8
6 20 10
6 21 9
6 23 8
6 24 -5
6 26 -6
6 27 -10
6 28 -10
6 30 9
6 31 -5
6 35 7
6 36 5
6 37 -5
6 38 10
6 39 -9
6 40 -7
6 41 -9
6 48 7
6 49 10
7 8 -9
7 10 -8
7 11 -9
7 13 -6
7 14 5
7 15 8
7 17 -8
7 18 -5
7 19 -5
7 20 9
7 21 -5
7 23 -9
7 24 -5
7 25 8
7 26 7
7 27 -7
7 28 -9
7 29 -9
7 32 5
7 33 5
7 34 -8
7 35 8
7 36 7
7 37 5
7 38 -5
7 39 -5
7 41 5
7 42 9
7 43 8
7 45 9
7 46 5
7 48 5
8 9 -8
8 10 -9
8 12 -8
8 15 7
8 16 -7
8 18 -7
8 20 9
8 23 -7
8 24 -8
8 25 -8
8 26 -10
8 27 10
8 28 5
8 29 7
8 31 -5
8 32 9
8 33 9
8 34 -10
8 35 -9
8 36 10
8 37 -7
8 38 -6
8 39 8
8 40 -7
8 42 -10
8 43 -7
8 45 -8
8 46 7
8 47 8
8 48 -5
8 49 8
9 10 5
9 12 5
9 13 6
9 14 -8
9 15 6
9 16 9
9 18 5
9 19 -10
9 21 -6
9 22 -10
9 23 6
9 24 -6
9 25 -6
9 26 -9
9 27 -8
9 28 -5
9 29 -7
9 30 7
9 31 8
9 32 -5
9 33 -9
9 37 -8
9 38 -9
9 39 8
9 40 6
9 41 -10
9 42 -6
9 43 -10
9 44 8
9 46 7
9 47 -6
9 48 -8
10 13 8
10 14 -6
10 16 -10
10 17 -8
10 18 7
10 19 6
10 20 9
10 21 10
10 22 7
10 24 -8
10 25 10
10 26 -7
10 27 8
10 31 -6
10 34 -8
10 36 -10
10 38 8
10 39 -9
10 40 9
10 42 7
10 43 -5
10 45 7
10 46 -10
10 47 -6
10 48 8
10 49 -5
11 12 -8
11 13 -7
11 14 7
11 15 10
11 16 10
11 17 7
11 18 -6
11 21 9
11 22 -8
11 24 8
11 25 -10
11 26 7
11 27 -8
11 29 -7
11 31 -6
11 32 -8
11 33 -10
11 34 5
11 35 -9
11 38 -7
11 39 -9
11 41 -9
11 42 8
11 43 10
11 44 7
11 48 7
11 49 6
12 13 7
12 14 9
12 15 -9
12 17 -7
12 19 9
12 20 -9
12 22 -5
12 23 -8
12 24 -6
12 25 -6
12 26 -8
12 27 -9
12 29 -8
12 30 -6
12 31 7
12 32 8
12 33 -10
12 39 10
12 40 9
12 41 6
12 42 -10
12 44 5
12 45 6
12 46 -9
12 47 6
12 48 -10
12 49 -8
13 14 -5
13 16 10
13 19 10
13 21 -6
13 22 -7
13 23 10
13 24 6
13 26 7
13 27 6
13 28 -7
13 31 -8
13 32 -7
13 33 8
13 34 -8
13 36 10
13 39 -6
13 43 -6
13 45 -5
13 47 8
13 48 8
14 16 -6
14 17 -10
14 18 10
14 19 -7
14 20 -9
14 21 -10
14 22 8
14 24 7
14 25 10
14 27 -5
14 34 6
14 37 5
14 39 10
14 40 -5
14 41 -9
14 42 -9
14 43 10
14 44 5
14 45 9
14 46 -6
14 47 -7
14 48 9
14 49 -6
15 17 10
15 18 6
15 19 -8
15 20 -10
15 25 5
15 27 -8
15 30 -7
15 31 10
15 32 -8
15 33 -8
15 34 6
15 35 8
15 37 7
15 41 -5
15 43 -6
15 44 -6
15 46 -9
15 47 -9
15 49 8
16 17 9
16 20 -10
16 21 5
16 23 -8
16 25 -10
16 26 6
16 28 10
16 30 9
16 33 -9
16 34 -9
16 35 10
16 40 9
16 42 6
16 43 6
16 44 8
16 45 10
16 46 -10
16 47 5
16 48 6
16 49 -10
17 18 10
17 19 -9
17 20 -7
17 21 7
17 23 -9
17 24 -6
17 25 -8
17 28 9
17 34 6
17 35 6
17 36 -7
17 37 5
17 42 8
17 43 9
17 44 -6
17 46 8
17 47 9
17 48 -5
17 49 -6
18 19 -9
18 20 -10
18 21 5
18 23 -9
18 24 -5
18 25 -7
18 26 -7
18 27 -6
18 28 5
18 29 10
18 30 -10
18 32 6
18 34 -6
18 35 -5
18 37 5
18 39 10
18 40 6
18 42 9
18 43 -6
18 44 10
18 47 10
19 20 -5
19 21 -6
19 22 -8
19 24 5
19 27 5
19 28 -5
19 29 -5
19 30 8
19 31 -7
19 32 9
19 34 -10
19 37 -7
19 38 -6
19 39 -5
19 40 -7
19 41 -8
19 43 10
20 21 9
20 22 -5
20 24 8
20 27 5
20 28 -6
20 29 10
20 31 8
20 33 -7
20 34 8
20 35 -8
20 37 -9
20 38 -10
20 39 10
20 43 -5
20 44 8
20 46 -10
20 48 -8
20 49 6
21 23 -8
21 25 -7
21 26 -6
21 27 -9
21 29 6
21 30 -7
21 31 -6
21 32 8
21 33 -6
21 34 -7
21 35 -8
21 37 -6
21 39 5
21 41 -6
21 43 -10
21 44 7
21 46 9
21 47 -7
21 48 -9
21 49 6
22 23 -10
22 24 5
22 25 10
22 27 6
22 28 8
22 29 7
22 30 9
22 31 6
22 34 -7
22 35 6
22 37 -6
22 41 10
22 43 -10
22 45 7
22 47 -10
22 48 9
22 49 -10
23 26 9
23 27 -7
23 28 -6
23 29 7
23 30 9
23 31 -5
23 33 -9
23 34 -9
23 35 9
23 36 -7
23 38 8
23 39 8
23 40 10
23 41 10
23 42 6
23 43 7
23 45 -7
23 47 -8
23 48 -8
24 25 -10
24 27 -9
24 28 -5
24 31 7
24 32 6
24 33 -10
24 34 -6
24 35 -6
24 36 -6
24 37 -8
24 39 -9
24 40 -7
24 41 -7
24 43 7
24 46 9
24 48 -9
25 26 9
25 27 8
25 31 6
25 32 10
25 34 -8
25 35 -8
25 36 -8
25 37 8
25 38 -6
25 39 -6
25 40 -7
25 41 8
25 42 5
25 43 8
25 44 -10
25 45 9
25 46 -5
25 48 -5
25 49 -10
26 28 -6
26 29 -10
26 30 8
26 31 -6
26 32 6
26 33 5
26 34 8
26 35 8
26 36 -7
26 37 -7
26 38 -8
26 39 5
26 40 -9
26 41 6
26 42 5
26 43 7
26 44 -9
26 45 6
27 28 -7
27 29 -5
27 32 6
27 35 -7
27 36 10
27 38 -9
27 39 -8
27 40 -5
27 43 7
27 44 7
27 45 5
27 46 -9
27 47 -9
27 48 -10
28 30 9
28 31 6
28 32 -9
28 34 7
28 35 10
28 37 10
28 38 -9
28 39 -10
28 40 -7
28 42 -10
28 43 -8
28 45 -5
28 46 -5
28 47 -5
29 30 -6
29 34 9
29 36 7
29 37 9
29 38 8
29 39 -5
29 40 -7
29 42 -9
29 43 10
29 44 6
29 45 10
29 47 10
29 49 -8
30 31 -8
30 32 -6
30 34 -6
30 36 -5
30 37 -5
30 38 8
30 40 5
30 41 -9
30 43 7
30 44 -7
30 46 10
30 47 10
30 48 -8
31 34 -8
31 35 -6
31 36 -5
31 38 8
31 39 -5
31 40 10
31 41 -6
31 42 6
31 43 9
31 44 -10
31 45 -8
31 46 -5
31 47 -6
31 49 9
32 33 -5
32 34 -7
32 35 6
32 36 -9
32 37 7
32 38 10
32 41 -5
32 46 10
32 47 -5
32 48 5
32 49 -10
33 34 10
33 35 -8
33 38 -8
33 39 -10
33 40 7
33 41 -8
33 43 10
33 46 7
33 47 9
33 48 6
33 49 -9
34 35 -5
34 36 5
34 37 -9
34 39 5
34 40 6
34 42 -8
34 44 6
34 45 9
34 47 -6
34 49 -9
35 38 -10
35 39 9
35 40 -6
35 41 6
35 43 10
35 45 7
35 46 -5
35 47 7
35 48 -10
36 37 -6
36 38 10
36 39 7
36 40 -10
36 41 -9
36 43 10
36 44 6
36 46 -6
36 47 7
36 48 -8
37 42 5
37 43 -6
37 45 6
37 46 -8
37 48 10
38 41 5
38 43 -8
38 45 -8
38 46 -10
38 48 10
39 40 5
39 41 -5
39 43 5
39 45 6
39 46 -9
39 47 -7
39 48 10
39 49 7
40 41 7
40 42 7
40 43 -7
40 44 -8
40 46 5
40 48 -10
40 49 7
41 42 5
41 44 -5
41 47 -6
41 48 -10
41 49 -7
42 44 10
42 45 9
42 46 9
42 47 10
42 48 6
42 49 -6
43 46 -5
43 48 6
44 45 9
44 46 -6
44 48 -10
44 49 5
45 48 -7
45 49 5
46 47 -7
46 49 -10
47 49 -9
48 49 -6
-1
-1559