rm25
25
1
20
2
-3
2
-10
5
-8
2
2
-1
-3
2
-2
3
1
2
-1
2
1
-1
-2
2   
-1
-1
0 1 -9
0 2 3
0 4 2
1 2 4
1 3 8
1 4 4
1 5 19
1 7 -2
1 9 5
1 10 0
1 8 -3
1 12 -3
1 11 -3
1 13 2
1 14 4
1 15 -3
2 3 -3
2 11 2
4 5 -6
5 6 2
5 7 -3
5 14 -10
5 12 -3
5 15 6
5 13 -3
5 16 1
5 17 4
5 18 5
5 23 -3
6 7 -2
6 20 2
6 21 3
7 19 -3
7 22 1
7 17 1
7 20 -2
7 21 -2
7 23 -2
7 24 3
8 9 1
8 10 3
8 11 1
8 14 1
9 12 2
9 13 3
10 12 -3
10 13 3
11 12 3
11 13 1
14 15 1
14 16 1
14 17 2
14 18 2
14 19 -2
16 17 -2
16 18 2
18 24 2
19 20 -3
19 21 -3
19 22 3
20 23 -3
20 24 2
21 23 2
21 24 2
22 23 2
22 24 -3
-1
-208
