100
2
-12
-2
-19
-10
-5
-3
19
17
12
14
-16
16
-4
18
-17
20
17
-11
14
6
-8
15
-7
5
-13
16
5
-20
4
-8
-2
14
-2
18
15
14
-20
-7
-17
3
6
20
9
-3
18
-10
19
-18
4
17
14
20
-13
-8
-3
-4
-5
-20
-12
-14
10
11
16
-14
-8
-12
11
-15
-13
6
-4
-8
11
-2
-17
-12
-14
-12
-10
20
-12
14
-4
14
-12
-19
14
-14
-12
-14
17
-17
14
18
-7
-9
-2
-12
5
0 1 -6
0 99 -13
0 2 -13
0 98 -10
0 3 17
0 97 -11
0 4 13
0 96 8
0 95 8
0 6 8
0 94 9
0 52 -10
0 23 -6
1 3 3
1 4 -9
1 98 -6
1 97 -14
1 6 11
1 96 -2
1 7 -4
1 37 -3
1 90 -15
1 36 -20
1 18 11
2 99 3
2 6 -18
2 7 -7
2 8 12
2 96 9
2 87 8
2 59 11
2 68 -4
2 50 14
3 7 9
3 99 12
3 9 -6
3 82 -6
3 10 -2
3 22 -13
3 43 -6
3 59 15
4 6 -9
4 8 -8
4 99 -6
4 10 -16
4 98 -18
4 78 -7
4 90 -7
4 65 -16
4 89 3
5 6 5
5 7 -9
5 11 -7
5 99 -14
5 23 12
5 84 14
5 51 -15
5 67 -15
6 7 10
6 8 5
6 11 17
6 27 -3
6 71 4
6 72 -8
6 18 20
6 35 -4
6 76 10
6 13 -4
6 37 -14
7 8 13
7 9 16
7 13 -2
7 75 -10
7 38 6
7 78 -13
7 71 4
7 37 -20
8 9 -19
8 10 -10
8 11 -18
8 12 -2
8 13 -4
8 14 2
8 60 -2
9 10 -19
9 12 5
9 14 18
9 15 -9
9 41 -9
9 91 17
10 11 -16
10 15 6
10 16 20
10 79 -12
10 98 -3
10 81 -16
10 93 -17
10 23 7
10 69 15
10 92 7
11 13 2
11 14 17
11 15 -5
11 16 4
11 17 15
11 81 -6
11 33 -8
11 60 -14
12 13 5
12 14 -5
12 15 5
12 16 -12
12 17 12
12 18 11
12 62 2
13 15 -10
13 17 -2
13 18 -2
13 19 -17
13 68 -11
13 46 18
13 51 -13
13 33 17
13 45 9
14 15 -16
14 16 -12
14 19 17
14 20 7
14 66 2
14 25 15
14 94 -20
15 17 7
15 18 -13
15 19 3
15 20 14
15 21 -14
15 41 -19
15 45 -3
15 89 -17
16 17 11
16 19 -12
16 21 7
16 52 16
16 40 -10
16 90 9
17 18 9
17 19 12
17 21 -14
17 22 -15
17 23 4
17 52 -15
17 95 -17
18 19 -10
18 20 -19
18 21 16
18 23 17
18 24 3
18 58 -16
18 94 -4
19 20 -10
19 21 -13
19 23 -7
19 24 16
19 25 12
19 99 10
19 72 -13
20 21 -8
20 22 14
20 23 3
20 24 8
20 25 13
20 26 -4
20 86 -9
20 27 12
21 22 19
21 23 -15
21 24 5
21 26 -10
21 27 8
21 51 -9
21 52 -14
22 24 -17
22 25 -8
22 27 13
22 28 -16
22 39 15
22 63 -18
22 88 19
23 24 -9
23 26 -7
23 27 -4
23 28 4
23 90 -4
23 47 5
24 25 -4
24 27 -8
24 29 19
24 30 2
24 32 7
24 34 -17
24 77 -10
25 27 7
25 28 -8
25 30 5
25 31 19
25 90 -18
25 47 7
25 39 19
25 45 7
26 27 8
26 28 17
26 29 -4
26 30 6
26 31 6
26 32 3
27 29 -10
27 30 -15
27 31 -14
27 81 -17
27 88 -6
27 73 13
28 29 -5
28 30 8
28 31 -7
28 32 9
28 34 -13
28 76 -2
28 89 12
29 30 4
29 33 3
29 35 19
29 41 6
29 82 -19
29 71 19
30 31 12
30 32 12
30 33 -18
30 34 17
30 35 8
30 36 2
30 38 -2
30 60 17
30 45 9
31 32 16
31 33 -6
31 34 13
31 35 -16
31 36 -10
31 75 -14
31 59 -20
32 34 14
32 35 -14
32 36 18
32 37 10
32 38 -7
32 87 5
32 89 -10
33 37 17
33 38 16
33 79 14
33 52 -3
33 87 -12
34 36 -16
34 38 19
34 39 -8
34 40 -3
34 75 9
34 35 13
34 87 -9
35 36 -17
35 38 -5
35 40 -18
35 67 10
35 42 16
36 37 19
36 38 -20
36 39 -12
36 40 7
36 41 -9
36 42 -8
37 39 -17
37 40 -17
37 41 5
37 42 -16
37 84 14
37 57 -17
38 40 6
38 41 5
38 62 3
38 46 -17
38 99 6
38 90 4
39 41 -19
39 43 2
39 44 -11
39 45 -2
39 86 -10
39 48 -6
40 41 19
40 42 19
40 43 -5
40 44 16
40 46 -20
40 83 -16
40 86 12
41 43 3
41 44 -17
41 45 -3
41 46 17
41 47 19
41 62 13
42 43 17
42 45 6
42 46 -3
42 47 10
42 95 -13
42 64 6
43 45 -6
43 46 -2
43 48 -9
43 49 17
43 92 -2
44 46 -18
44 47 5
44 49 -11
44 50 -11
44 63 -3
44 67 15
45 47 -11
45 48 -7
45 70 -16
46 47 -11
46 49 -9
46 52 18
46 91 20
46 80 -5
46 53 13
47 49 -19
47 50 -10
47 51 -20
47 52 -11
47 53 -20
47 75 12
47 80 -17
47 97 -20
48 49 6
48 50 -17
48 51 7
48 52 -19
48 54 -2
48 71 -9
49 50 -18
49 51 -3
49 52 -20
49 53 -9
49 54 14
49 56 -5
50 51 9
50 52 -8
50 54 15
50 55 18
50 56 16
50 67 9
51 52 20
51 53 4
51 55 -18
51 56 -17
51 57 17
51 65 16
52 54 -10
52 56 14
52 57 11
52 58 3
52 79 7
53 54 6
53 56 8
53 57 -12
53 58 -3
53 59 3
53 97 -19
54 55 -5
54 56 13
54 58 -5
54 60 -6
54 76 -14
54 71 -16
55 56 -9
55 57 20
55 58 4
55 59 6
55 60 -17
55 61 -6
56 57 20
56 58 8
56 59 -11
56 60 -20
56 62 -8
56 71 7
56 91 -15
57 58 5
57 60 -13
57 61 12
57 62 12
57 63 -5
57 71 14
58 59 -8
58 61 18
58 62 -4
58 63 -8
58 64 -6
59 61 -11
59 62 14
59 63 -15
59 64 -20
59 86 7
59 98 2
60 61 6
60 62 -16
60 65 -4
61 63 -11
61 64 13
61 65 -15
61 67 17
61 75 -18
61 69 18
62 64 5
62 65 -14
62 66 3
62 91 3
62 88 -5
63 64 17
63 65 -14
63 67 -20
63 68 3
63 69 15
64 65 -16
64 66 -8
64 67 9
64 68 16
64 69 6
65 67 -18
65 69 19
65 68 -4
65 73 3
66 68 -5
66 69 -13
66 70 7
66 71 -4
66 72 13
67 68 -19
67 69 12
67 70 -16
67 71 -14
67 72 -18
67 73 -18
68 69 -2
68 71 9
68 73 -8
68 74 -8
68 92 -9
68 90 12
69 70 11
69 71 15
69 72 -15
69 74 -5
69 75 9
70 71 -6
70 72 -3
70 75 -5
70 76 -7
70 88 13
70 97 10
71 73 20
71 75 -4
71 77 11
71 89 -2
72 73 17
72 74 20
72 77 11
72 78 3
72 84 -11
73 74 8
73 75 8
73 76 7
73 77 4
73 78 4
73 79 -10
73 95 18
74 75 3
74 76 -15
74 77 -12
74 78 4
74 79 -11
74 80 -10
75 78 -11
75 79 8
75 80 -7
75 81 11
75 92 15
76 78 9
76 80 -20
76 87 15
76 99 14
77 78 18
77 80 6
77 81 -20
77 83 6
77 87 16
78 79 -13
78 80 -20
78 82 -4
78 83 2
78 84 -8
79 81 -14
79 82 12
79 83 9
79 99 15
79 94 -8
79 97 16
80 82 -8
80 83 -19
80 84 -6
80 85 6
80 86 2
81 84 -13
81 85 19
81 86 15
81 87 20
82 83 -10
82 84 11
82 85 -8
82 86 -13
82 87 -16
82 88 15
82 94 9
83 84 -4
83 85 5
83 86 6
83 88 -2
83 89 15
84 85 -14
84 87 9
84 88 6
84 89 20
84 90 -9
84 92 15
84 94 14
85 86 -19
85 87 -13
85 88 -14
85 89 4
85 90 16
85 91 11
86 88 -14
86 90 14
86 91 20
86 92 3
86 98 3
87 88 -9
87 90 -19
87 91 8
87 92 14
87 93 5
88 89 -6
88 91 -5
88 92 -7
88 93 -17
88 94 -11
89 91 14
89 92 -8
89 94 -4
89 95 -12
90 92 10
90 94 20
90 95 15
90 96 20
91 93 18
91 95 -20
91 97 -8
91 99 12
92 94 12
92 96 17
92 97 9
93 94 12
93 95 -2
93 96 11
93 97 17
93 98 -2
93 99 16
94 97 -18
94 98 -8
95 96 -10
95 97 -11
95 98 3
95 99 17
96 97 17
96 98 -4
96 99 9
97 99 15
98 99 -7
-1
-3316
