50
-6
-10
-5
10
-3
-2
9
8
6
7
-8
8
-2
9
-9
10
8
-6
7
3
-4
7
-4
2
-7
8
2
-10
2
-4
7
9
7
7
-10
-4
-9
3
10
4
-2
9
-5
9
-9
2
8
7
10
-7
0 1 -4
0 49 -2
0 2 -2
0 48 -3
0 3 -10
0 47 -6
0 4 -7
1 3 5
1 49 5
1 4 8
1 48 -7
1 5 -4
1 18 -6
1 10 5
2 4 -8
2 5 -7
2 49 3
2 6 -2
2 48 -4
2 43 5
3 6 -9
3 7 -6
3 49 -7
3 41 -6
3 29 10
3 43 -5
3 35 10
3 42 -6
4 5 7
4 6 -2
4 7 7
4 8 -6
5 6 -10
5 8 7
5 9 -7
5 41 -6
5 10 -7
6 7 8
6 9 -9
6 40 7
6 41 9
7 8 -4
7 10 -5
7 11 -6
7 37 2
7 48 -3
7 34 -7
8 9 -7
8 10 -5
8 11 8
8 12 -6
9 10 6
9 11 4
9 13 4
9 34 4
10 14 4
10 36 -5
11 12 -3
11 13 -5
11 14 -3
11 15 -7
11 27 5
12 13 -2
12 15 -2
12 37 -8
12 48 -10
13 14 5
13 16 -9
13 17 -4
13 19 6
13 33 4
13 47 4
14 15 5
14 16 -2
14 17 7
14 18 4
14 45 6
15 16 -3
15 17 -3
15 18 -7
15 19 -3
16 17 7
16 18 -5
16 19 -4
16 20 -3
16 46 -8
17 19 -9
17 20 -4
17 21 10
17 35 10
17 43 -4
18 19 -8
18 20 2
18 22 -5
18 33 -4
19 20 -7
19 21 6
19 22 7
19 23 -8
19 45 -8
20 21 5
20 22 2
20 23 8
20 24 -2
20 37 2
21 22 -4
21 23 10
21 24 -2
21 25 5
22 23 -2
22 24 -7
22 25 6
22 26 8
23 24 10
23 26 -5
23 27 3
23 28 -7
23 32 10
24 25 2
24 26 -10
24 27 -10
24 28 -5
24 41 -9
25 26 -2
25 27 -10
25 28 2
25 29 9
26 27 -5
26 28 -5
26 29 8
26 30 10
26 41 -8
27 28 3
27 31 10
27 41 -6
28 29 -2
28 30 -8
28 31 -9
28 46 3
29 31 7
29 32 3
29 33 8
30 31 -3
30 32 2
30 34 7
30 45 -3
31 32 -4
31 33 -7
31 35 10
31 43 2
31 49 -3
32 33 2
32 35 -6
32 36 6
33 34 5
33 36 -5
33 37 -9
34 35 -6
34 36 9
34 37 -7
34 38 8
35 36 4
35 37 -8
35 38 -6
36 37 8
36 38 3
36 39 7
36 40 -10
36 43 3
37 39 -7
37 43 7
38 39 -7
38 40 -10
38 41 -2
38 42 -9
39 40 5
39 41 -6
39 42 3
39 43 8
40 41 -5
40 42 4
40 43 4
40 44 6
41 42 -7
41 43 -8
42 43 2
42 44 -8
42 45 -9
43 45 -5
44 45 -10
44 46 8
44 47 8
44 48 -8
45 48 -2
45 49 -5
46 47 -7
46 48 -4
46 49 8
47 48 10
47 49 6
-1
-729.0
